schema_version,run_id,recipe_id,variant_id,market,timeframe,trade_id,open_date,close_date,open_session_date,source_anchor,parent_regime_root,parent_regime_confidence_floor,source_ticker_confidence,source_ticker_vix,manipulation_overlay_state,sub_regime_tags,sub_sub_regime_or_profit_factor,profit_factor_family,profit_factor_leaf,regime_profit_branch_path,regime_profit_branch_path_version,trade_or_bar_horizon,allowed_action,suppression_rule,direction,direction_sign,entry_close,exit_close,gross_return,roundtrip_cost,profit_ratio_net,year_fold,root_lookup_status,provider_id,provider_cluster,provider_count,provider_dispersion
board-b-provider-raw-daily-consensus/v1,20260511T212329+0800-codex-board-b-provider-raw-daily-consensus-v1,ProviderRawDailyConsensusV1,provider_consensus_momentum,SPY/USD,1d,ProviderRawDailyConsensusV1:provider_consensus_momentum:SPY/USD:1d:yf_spy:20,2023-02-01T14:30:00+00:00,2023-02-08T14:30:00+00:00,2023-02-01,^IXIC,Bull,0.9797225384,0.444,17.8700008392334,component_pass_from_205047_not_rescored_here,RawProviderConsensusRiskOn,CrossVenueMomentum,provider_raw_daily_consensus,ProviderRawDailyConsensusV1:provider_consensus_momentum,Bull -> RawProviderConsensusRiskOn -> CrossVenueMomentum -> ProviderRawDailyConsensusV1:provider_consensus_momentum,board-b-provider-raw-daily-consensus/v1,1d_hold_5,long_research_only_until_branch_rc_spa_passes,suppress_if_bull_raw_provider_branch_rc_spa_fails,long,1,410.7999877929687,410.6499938964844,-0.0003651263411427186,0.001,-0.0013651263411427186,2023,source_panel_daily_asof,yf_spy,equity_index,2,1.15845634388748
board-b-provider-raw-daily-consensus/v1,20260511T212329+0800-codex-board-b-provider-raw-daily-consensus-v1,ProviderRawDailyConsensusV1,provider_consensus_momentum,SPY/USD,1d,ProviderRawDailyConsensusV1:provider_consensus_momentum:SPY/USD:1d:yf_spy:32,2023-02-17T14:30:00+00:00,2023-02-27T14:30:00+00:00,2023-02-17,^IXIC,Bull,0.9797225384,0.333,20.020000457763672,component_pass_from_205047_not_rescored_here,RawProviderConsensusRiskOn,CrossVenueMomentum,provider_raw_daily_consensus,ProviderRawDailyConsensusV1:provider_consensus_momentum,Bull -> RawProviderConsensusRiskOn -> CrossVenueMomentum -> ProviderRawDailyConsensusV1:provider_consensus_momentum,board-b-provider-raw-daily-consensus/v1,1d_hold_5,long_research_only_until_branch_rc_spa_passes,suppress_if_bull_raw_provider_branch_rc_spa_fails,long,1,407.260009765625,397.7300109863281,-0.023400281271862,0.001,-0.024400281271862,2023,source_panel_daily_asof,yf_spy,equity_index,2,1.1579361958523502
board-b-provider-raw-daily-consensus/v1,20260511T212329+0800-codex-board-b-provider-raw-daily-consensus-v1,ProviderRawDailyConsensusV1,provider_consensus_momentum,SPY/USD,1d,ProviderRawDailyConsensusV1:provider_consensus_momentum:SPY/USD:1d:yf_spy:59,2023-03-29T13:30:00+00:00,2023-04-05T13:30:00+00:00,2023-03-29,^IXIC,Bull,0.9797225384,0.333,19.1200008392334,component_pass_from_205047_not_rescored_here,RawProviderConsensusRiskOn,CrossVenueMomentum,provider_raw_daily_consensus,ProviderRawDailyConsensusV1:provider_consensus_momentum,Bull -> RawProviderConsensusRiskOn -> CrossVenueMomentum -> ProviderRawDailyConsensusV1:provider_consensus_momentum,board-b-provider-raw-daily-consensus/v1,1d_hold_5,long_research_only_until_branch_rc_spa_passes,suppress_if_bull_raw_provider_branch_rc_spa_fails,long,1,401.3500061035156,407.6000061035156,0.015572442768041261,0.001,0.01457244276804126,2023,source_panel_daily_asof,yf_spy,equity_index,2,1.1596211804301448
board-b-provider-raw-daily-consensus/v1,20260511T212329+0800-codex-board-b-provider-raw-daily-consensus-v1,ProviderRawDailyConsensusV1,provider_consensus_momentum,SPY/USD,1d,ProviderRawDailyConsensusV1:provider_consensus_momentum:SPY/USD:1d:yf_spy:65,2023-04-06T13:30:00+00:00,2023-04-14T13:30:00+00:00,2023-04-06,^IXIC,Bull,0.9797225384,0.5,18.399999618530273,component_pass_from_205047_not_rescored_here,RawProviderConsensusRiskOn,CrossVenueMomentum,provider_raw_daily_consensus,ProviderRawDailyConsensusV1:provider_consensus_momentum,Bull -> RawProviderConsensusRiskOn -> CrossVenueMomentum -> ProviderRawDailyConsensusV1:provider_consensus_momentum,board-b-provider-raw-daily-consensus/v1,1d_hold_5,long_research_only_until_branch_rc_spa_passes,suppress_if_bull_raw_provider_branch_rc_spa_fails,long,1,409.19000244140625,412.4599914550781,0.007991370742593151,0.001,0.006991370742593151,2023,source_panel_daily_asof,yf_spy,equity_index,2,1.1593543511403526
board-b-provider-raw-daily-consensus/v1,20260511T212329+0800-codex-board-b-provider-raw-daily-consensus-v1,ProviderRawDailyConsensusV1,provider_consensus_momentum,SPY/USD,1d,ProviderRawDailyConsensusV1:provider_consensus_momentum:SPY/USD:1d:yf_spy:71,2023-04-17T13:30:00+00:00,2023-04-24T13:30:00+00:00,2023-04-17,^IXIC,Bull,0.9797225384,0.333,16.950000762939453,component_pass_from_205047_not_rescored_here,RawProviderConsensusRiskOn,CrossVenueMomentum,provider_raw_daily_consensus,ProviderRawDailyConsensusV1:provider_consensus_momentum,Bull -> RawProviderConsensusRiskOn -> CrossVenueMomentum -> ProviderRawDailyConsensusV1:provider_consensus_momentum,board-b-provider-raw-daily-consensus/v1,1d_hold_5,long_research_only_until_branch_rc_spa_passes,suppress_if_bull_raw_provider_branch_rc_spa_fails,long,1,413.94000244140625,412.6300048828125,-0.0031647039446959235,0.001,-0.0041647039446959236,2023,source_panel_daily_asof,yf_spy,equity_index,2,1.1591758381311776
board-b-provider-raw-daily-consensus/v1,20260511T212329+0800-codex-board-b-provider-raw-daily-consensus-v1,ProviderRawDailyConsensusV1,provider_consensus_momentum,SPY/USD,1d,ProviderRawDailyConsensusV1:provider_consensus_momentum:SPY/USD:1d:yf_spy:77,2023-04-25T13:30:00+00:00,2023-05-02T13:30:00+00:00,2023-04-25,^IXIC,Bull,0.9797225384,0.333,18.760000228881836,component_pass_from_205047_not_rescored_here,RawProviderConsensusRiskOn,CrossVenueMomentum,provider_raw_daily_consensus,ProviderRawDailyConsensusV1:provider_consensus_momentum,Bull -> RawProviderConsensusRiskOn -> CrossVenueMomentum -> ProviderRawDailyConsensusV1:provider_consensus_momentum,board-b-provider-raw-daily-consensus/v1,1d_hold_5,long_research_only_until_branch_rc_spa_passes,suppress_if_bull_raw_provider_branch_rc_spa_fails,long,1,406.0799865722656,410.8399963378906,0.011721852647318176,0.001,0.010721852647318175,2023,source_panel_daily_asof,yf_spy,equity_index,2,1.1589382986637575
board-b-provider-raw-daily-consensus/v1,20260511T212329+0800-codex-board-b-provider-raw-daily-consensus-v1,ProviderRawDailyConsensusV1,provider_consensus_momentum,SPY/USD,1d,ProviderRawDailyConsensusV1:provider_consensus_momentum:SPY/USD:1d:yf_spy:85,2023-05-05T13:30:00+00:00,2023-05-12T13:30:00+00:00,2023-05-05,^IXIC,Bull,0.9797225384,0.333,17.190000534057617,component_pass_from_205047_not_rescored_here,RawProviderConsensusRiskOn,CrossVenueMomentum,provider_raw_daily_consensus,ProviderRawDailyConsensusV1:provider_consensus_momentum,Bull -> RawProviderConsensusRiskOn -> CrossVenueMomentum -> ProviderRawDailyConsensusV1:provider_consensus_momentum,board-b-provider-raw-daily-consensus/v1,1d_hold_5,long_research_only_until_branch_rc_spa_passes,suppress_if_bull_raw_provider_branch_rc_spa_fails,long,1,412.6300048828125,411.5899963378906,-0.0025204384863316553,0.001,-0.0035204384863316554,2023,source_panel_daily_asof,yf_spy,equity_index,2,1.1584334636096445
board-b-provider-raw-daily-consensus/v1,20260511T212329+0800-codex-board-b-provider-raw-daily-consensus-v1,ProviderRawDailyConsensusV1,provider_consensus_momentum,SPY/USD,1d,ProviderRawDailyConsensusV1:provider_consensus_momentum:SPY/USD:1d:yf_spy:93,2023-05-17T13:30:00+00:00,2023-05-24T13:30:00+00:00,2023-05-17,^IXIC,Bull,0.9797225384,0.333,16.8700008392334,component_pass_from_205047_not_rescored_here,RawProviderConsensusRiskOn,CrossVenueMomentum,provider_raw_daily_consensus,ProviderRawDailyConsensusV1:provider_consensus_momentum,Bull -> RawProviderConsensusRiskOn -> CrossVenueMomentum -> ProviderRawDailyConsensusV1:provider_consensus_momentum,board-b-provider-raw-daily-consensus/v1,1d_hold_5,long_research_only_until_branch_rc_spa_passes,suppress_if_bull_raw_provider_branch_rc_spa_fails,long,1,415.2300109863281,411.0899963378906,-0.00997041287695799,0.001,-0.010970412876957991,2023,source_panel_daily_asof,yf_spy,equity_index,2,1.1581601597814224
board-b-provider-raw-daily-consensus/v1,20260511T212329+0800-codex-board-b-provider-raw-daily-consensus-v1,ProviderRawDailyConsensusV1,provider_consensus_momentum,SPY/USD,1d,ProviderRawDailyConsensusV1:provider_consensus_momentum:SPY/USD:1d:yf_spy:99,2023-05-25T13:30:00+00:00,2023-06-02T13:30:00+00:00,2023-05-25,^IXIC,Bull,0.9797225384,0.333,19.13999938964844,component_pass_from_205047_not_rescored_here,RawProviderConsensusRiskOn,CrossVenueMomentum,provider_raw_daily_consensus,ProviderRawDailyConsensusV1:provider_consensus_momentum,Bull -> RawProviderConsensusRiskOn -> CrossVenueMomentum -> ProviderRawDailyConsensusV1:provider_consensus_momentum,board-b-provider-raw-daily-consensus/v1,1d_hold_5,long_research_only_until_branch_rc_spa_passes,suppress_if_bull_raw_provider_branch_rc_spa_fails,long,1,414.6499938964844,427.9200134277344,0.03200294158104544,0.001,0.03100294158104544,2023,source_panel_daily_asof,yf_spy,equity_index,2,1.157828617554647
board-b-provider-raw-daily-consensus/v1,20260511T212329+0800-codex-board-b-provider-raw-daily-consensus-v1,ProviderRawDailyConsensusV1,provider_consensus_momentum,SPY/USD,1d,ProviderRawDailyConsensusV1:provider_consensus_momentum:SPY/USD:1d:yf_spy:105,2023-06-05T13:30:00+00:00,2023-06-12T13:30:00+00:00,2023-06-05,^IXIC,Bull,0.9797225384,0.857,14.729999542236328,component_pass_from_205047_not_rescored_here,RawProviderConsensusRiskOn,CrossVenueMomentum,provider_raw_daily_consensus,ProviderRawDailyConsensusV1:provider_consensus_momentum,Bull -> RawProviderConsensusRiskOn -> CrossVenueMomentum -> ProviderRawDailyConsensusV1:provider_consensus_momentum,board-b-provider-raw-daily-consensus/v1,1d_hold_5,long_research_only_until_branch_rc_spa_passes,suppress_if_bull_raw_provider_branch_rc_spa_fails,long,1,427.1000061035156,433.7999877929687,0.01568714959893769,0.001,0.014687149598937688,2023,source_panel_daily_asof,yf_spy,equity_index,2,1.1576299637502143
board-b-provider-raw-daily-consensus/v1,20260511T212329+0800-codex-board-b-provider-raw-daily-consensus-v1,ProviderRawDailyConsensusV1,provider_consensus_momentum,SPY/USD,1d,ProviderRawDailyConsensusV1:provider_consensus_momentum:SPY/USD:1d:yf_spy:111,2023-06-13T13:30:00+00:00,2023-06-21T13:30:00+00:00,2023-06-13,^IXIC,Bull,0.9797225384,0.857,14.609999656677246,component_pass_from_205047_not_rescored_here,RawProviderConsensusRiskOn,CrossVenueMomentum,provider_raw_daily_consensus,ProviderRawDailyConsensusV1:provider_consensus_momentum,Bull -> RawProviderConsensusRiskOn -> CrossVenueMomentum -> ProviderRawDailyConsensusV1:provider_consensus_momentum,board-b-provider-raw-daily-consensus/v1,1d_hold_5,long_research_only_until_branch_rc_spa_passes,suppress_if_bull_raw_provider_branch_rc_spa_fails,long,1,436.6600036621094,434.94000244140625,-0.003938994197494883,0.001,-0.004938994197494883,2023,source_panel_daily_asof,yf_spy,equity_index,2,1.1573592180661303
board-b-provider-raw-daily-consensus/v1,20260511T212329+0800-codex-board-b-provider-raw-daily-consensus-v1,ProviderRawDailyConsensusV1,provider_consensus_momentum,SPY/USD,1d,ProviderRawDailyConsensusV1:provider_consensus_momentum:SPY/USD:1d:yf_spy:117,2023-06-22T13:30:00+00:00,2023-06-29T13:30:00+00:00,2023-06-22,^IXIC,Bull,0.9797225384,0.714,12.90999984741211,component_pass_from_205047_not_rescored_here,RawProviderConsensusRiskOn,CrossVenueMomentum,provider_raw_daily_consensus,ProviderRawDailyConsensusV1:provider_consensus_momentum,Bull -> RawProviderConsensusRiskOn -> CrossVenueMomentum -> ProviderRawDailyConsensusV1:provider_consensus_momentum,board-b-provider-raw-daily-consensus/v1,1d_hold_5,long_research_only_until_branch_rc_spa_passes,suppress_if_bull_raw_provider_branch_rc_spa_fails,long,1,436.510009765625,438.1099853515625,0.0036653812057976243,0.001,0.0026653812057976243,2023,source_panel_daily_asof,yf_spy,equity_index,2,1.1601866688810625
board-b-provider-raw-daily-consensus/v1,20260511T212329+0800-codex-board-b-provider-raw-daily-consensus-v1,ProviderRawDailyConsensusV1,provider_consensus_momentum,SPY/USD,1d,ProviderRawDailyConsensusV1:provider_consensus_momentum:SPY/USD:1d:yf_spy:123,2023-06-30T13:30:00+00:00,2023-07-10T13:30:00+00:00,2023-06-30,^IXIC,Bull,0.9797225384,0.714,13.59000015258789,component_pass_from_205047_not_rescored_here,RawProviderConsensusRiskOn,CrossVenueMomentum,provider_raw_daily_consensus,ProviderRawDailyConsensusV1:provider_consensus_momentum,Bull -> RawProviderConsensusRiskOn -> CrossVenueMomentum -> ProviderRawDailyConsensusV1:provider_consensus_momentum,board-b-provider-raw-daily-consensus/v1,1d_hold_5,long_research_only_until_branch_rc_spa_passes,suppress_if_bull_raw_provider_branch_rc_spa_fails,long,1,443.2799987792969,439.6600036621094,-0.008166384964709006,0.001,-0.009166384964709007,2023,source_panel_daily_asof,yf_spy,equity_index,2,1.1599749847480636
board-b-provider-raw-daily-consensus/v1,20260511T212329+0800-codex-board-b-provider-raw-daily-consensus-v1,ProviderRawDailyConsensusV1,provider_consensus_momentum,SPY/USD,1d,ProviderRawDailyConsensusV1:provider_consensus_momentum:SPY/USD:1d:yf_spy:129,2023-07-11T13:30:00+00:00,2023-07-18T13:30:00+00:00,2023-07-11,^IXIC,Bull,0.9797225384,0.5,14.84000015258789,component_pass_from_205047_not_rescored_here,RawProviderConsensusRiskOn,CrossVenueMomentum,provider_raw_daily_consensus,ProviderRawDailyConsensusV1:provider_consensus_momentum,Bull -> RawProviderConsensusRiskOn -> CrossVenueMomentum -> ProviderRawDailyConsensusV1:provider_consensus_momentum,board-b-provider-raw-daily-consensus/v1,1d_hold_5,long_research_only_until_branch_rc_spa_passes,suppress_if_bull_raw_provider_branch_rc_spa_fails,long,1,442.4599914550781,454.19000244140625,0.026510896381281235,0.001,0.025510896381281234,2023,source_panel_daily_asof,yf_spy,equity_index,2,1.1596415472180066
board-b-provider-raw-daily-consensus/v1,20260511T212329+0800-codex-board-b-provider-raw-daily-consensus-v1,ProviderRawDailyConsensusV1,provider_consensus_momentum,SPY/USD,1d,ProviderRawDailyConsensusV1:provider_consensus_momentum:SPY/USD:1d:yf_spy:135,2023-07-19T13:30:00+00:00,2023-07-26T13:30:00+00:00,2023-07-19,^IXIC,Bull,0.9797225384,0.857,13.760000228881836,component_pass_from_205047_not_rescored_here,RawProviderConsensusRiskOn,CrossVenueMomentum,provider_raw_daily_consensus,ProviderRawDailyConsensusV1:provider_consensus_momentum,Bull -> RawProviderConsensusRiskOn -> CrossVenueMomentum -> ProviderRawDailyConsensusV1:provider_consensus_momentum,board-b-provider-raw-daily-consensus/v1,1d_hold_5,long_research_only_until_branch_rc_spa_passes,suppress_if_bull_raw_provider_branch_rc_spa_fails,long,1,455.2000122070313,455.510009765625,0.0006810139505284418,0.001,-0.0003189860494715582,2023,source_panel_daily_asof,yf_spy,equity_index,2,1.1593740749022248
board-b-provider-raw-daily-consensus/v1,20260511T212329+0800-codex-board-b-provider-raw-daily-consensus-v1,ProviderRawDailyConsensusV1,provider_consensus_momentum,SPY/USD,1d,ProviderRawDailyConsensusV1:provider_consensus_momentum:SPY/USD:1d:yf_spy:141,2023-07-27T13:30:00+00:00,2023-08-03T13:30:00+00:00,2023-07-27,^IXIC,Bull,0.9797225384,0.5,14.40999984741211,component_pass_from_205047_not_rescored_here,RawProviderConsensusRiskOn,CrossVenueMomentum,provider_raw_daily_consensus,ProviderRawDailyConsensusV1:provider_consensus_momentum,Bull -> RawProviderConsensusRiskOn -> CrossVenueMomentum -> ProviderRawDailyConsensusV1:provider_consensus_momentum,board-b-provider-raw-daily-consensus/v1,1d_hold_5,long_research_only_until_branch_rc_spa_passes,suppress_if_bull_raw_provider_branch_rc_spa_fails,long,1,452.489990234375,448.8399963378906,-0.008066463292577541,0.001,-0.009066463292577542,2023,source_panel_daily_asof,yf_spy,equity_index,2,1.1591006873693313
board-b-provider-raw-daily-consensus/v1,20260511T212329+0800-codex-board-b-provider-raw-daily-consensus-v1,ProviderRawDailyConsensusV1,provider_consensus_momentum,SPY/USD,1d,ProviderRawDailyConsensusV1:provider_consensus_momentum:SPY/USD:1d:yf_spy:147,2023-08-04T13:30:00+00:00,2023-08-11T13:30:00+00:00,2023-08-04,^IXIC,Bull,0.9797225384,0.5,17.100000381469727,component_pass_from_205047_not_rescored_here,RawProviderConsensusRiskOn,CrossVenueMomentum,provider_raw_daily_consensus,ProviderRawDailyConsensusV1:provider_consensus_momentum,Bull -> RawProviderConsensusRiskOn -> CrossVenueMomentum -> ProviderRawDailyConsensusV1:provider_consensus_momentum,board-b-provider-raw-daily-consensus/v1,1d_hold_5,long_research_only_until_branch_rc_spa_passes,suppress_if_bull_raw_provider_branch_rc_spa_fails,long,1,446.80999755859375,445.6499938964844,-0.0025961900325590648,0.001,-0.003596190032559065,2023,source_panel_daily_asof,yf_spy,equity_index,2,1.1586386227239542
board-b-provider-raw-daily-consensus/v1,20260511T212329+0800-codex-board-b-provider-raw-daily-consensus-v1,ProviderRawDailyConsensusV1,provider_consensus_momentum,SPY/USD,1d,ProviderRawDailyConsensusV1:provider_consensus_momentum:SPY/USD:1d:yf_spy:165,2023-08-30T13:30:00+00:00,2023-09-07T13:30:00+00:00,2023-08-30,^IXIC,Bull,0.9797225384,0.5,13.880000114440918,component_pass_from_205047_not_rescored_here,RawProviderConsensusRiskOn,CrossVenueMomentum,provider_raw_daily_consensus,ProviderRawDailyConsensusV1:provider_consensus_momentum,Bull -> RawProviderConsensusRiskOn -> CrossVenueMomentum -> ProviderRawDailyConsensusV1:provider_consensus_momentum,board-b-provider-raw-daily-consensus/v1,1d_hold_5,long_research_only_until_branch_rc_spa_passes,suppress_if_bull_raw_provider_branch_rc_spa_fails,long,1,451.010009765625,444.8500061035156,-0.013658241566102958,0.001,-0.014658241566102959,2023,source_panel_daily_asof,yf_spy,equity_index,2,1.1578151143222903
board-b-provider-raw-daily-consensus/v1,20260511T212329+0800-codex-board-b-provider-raw-daily-consensus-v1,ProviderRawDailyConsensusV1,provider_consensus_momentum,SPY/USD,1d,ProviderRawDailyConsensusV1:provider_consensus_momentum:SPY/USD:1d:yf_spy:172,2023-09-11T13:30:00+00:00,2023-09-18T13:30:00+00:00,2023-09-11,^IXIC,Bull,0.9797225384,0.5,13.800000190734863,component_pass_from_205047_not_rescored_here,RawProviderConsensusRiskOn,CrossVenueMomentum,provider_raw_daily_consensus,ProviderRawDailyConsensusV1:provider_consensus_momentum,Bull -> RawProviderConsensusRiskOn -> CrossVenueMomentum -> ProviderRawDailyConsensusV1:provider_consensus_momentum,board-b-provider-raw-daily-consensus/v1,1d_hold_5,long_research_only_until_branch_rc_spa_passes,suppress_if_bull_raw_provider_branch_rc_spa_fails,long,1,448.4500122070313,443.6300048828125,-0.010748148495965726,0.001,-0.011748148495965727,2023,source_panel_daily_asof,yf_spy,equity_index,2,1.1573831868726616
board-b-provider-raw-daily-consensus/v1,20260511T212329+0800-codex-board-b-provider-raw-daily-consensus-v1,ProviderRawDailyConsensusV1,provider_consensus_momentum,SPY/USD,1d,ProviderRawDailyConsensusV1:provider_consensus_momentum:SPY/USD:1d:yf_spy:211,2023-11-03T13:30:00+00:00,2023-11-10T14:30:00+00:00,2023-11-03,^IXIC,Bull,0.9797225384,0.5,14.90999984741211,component_pass_from_205047_not_rescored_here,RawProviderConsensusRiskOn,CrossVenueMomentum,provider_raw_daily_consensus,ProviderRawDailyConsensusV1:provider_consensus_momentum,Bull -> RawProviderConsensusRiskOn -> CrossVenueMomentum -> ProviderRawDailyConsensusV1:provider_consensus_momentum,board-b-provider-raw-daily-consensus/v1,1d_hold_5,long_research_only_until_branch_rc_spa_passes,suppress_if_bull_raw_provider_branch_rc_spa_fails,long,1,434.69000244140625,440.6099853515625,0.013618861434371743,0.001,0.012618861434371742,2023,source_panel_daily_asof,yf_spy,equity_index,2,1.1586392075222731
board-b-provider-raw-daily-consensus/v1,20260511T212329+0800-codex-board-b-provider-raw-daily-consensus-v1,ProviderRawDailyConsensusV1,provider_consensus_momentum,SPY/USD,1d,ProviderRawDailyConsensusV1:provider_consensus_momentum:SPY/USD:1d:yf_spy:217,2023-11-13T14:30:00+00:00,2023-11-20T14:30:00+00:00,2023-11-13,^IXIC,Bull,0.9797225384,0.5,14.760000228881836,component_pass_from_205047_not_rescored_here,RawProviderConsensusRiskOn,CrossVenueMomentum,provider_raw_daily_consensus,ProviderRawDailyConsensusV1:provider_consensus_momentum,Bull -> RawProviderConsensusRiskOn -> CrossVenueMomentum -> ProviderRawDailyConsensusV1:provider_consensus_momentum,board-b-provider-raw-daily-consensus/v1,1d_hold_5,long_research_only_until_branch_rc_spa_passes,suppress_if_bull_raw_provider_branch_rc_spa_fails,long,1,440.19000244140625,454.260009765625,0.03196348678112382,0.001,0.030963486781123817,2023,source_panel_daily_asof,yf_spy,equity_index,2,1.1583178279024984
board-b-provider-raw-daily-consensus/v1,20260511T212329+0800-codex-board-b-provider-raw-daily-consensus-v1,ProviderRawDailyConsensusV1,provider_consensus_momentum,SPY/USD,1d,ProviderRawDailyConsensusV1:provider_consensus_momentum:SPY/USD:1d:yf_spy:223,2023-11-21T14:30:00+00:00,2023-11-29T14:30:00+00:00,2023-11-21,^IXIC,Bull,0.9797225384,0.857,13.350000381469728,component_pass_from_205047_not_rescored_here,RawProviderConsensusRiskOn,CrossVenueMomentum,provider_raw_daily_consensus,ProviderRawDailyConsensusV1:provider_consensus_momentum,Bull -> RawProviderConsensusRiskOn -> CrossVenueMomentum -> ProviderRawDailyConsensusV1:provider_consensus_momentum,board-b-provider-raw-daily-consensus/v1,1d_hold_5,long_research_only_until_branch_rc_spa_passes,suppress_if_bull_raw_provider_branch_rc_spa_fails,long,1,453.2699890136719,454.6099853515625,0.002956287357136711,0.001,0.001956287357136711,2023,source_panel_daily_asof,yf_spy,equity_index,2,1.158036919143751
board-b-provider-raw-daily-consensus/v1,20260511T212329+0800-codex-board-b-provider-raw-daily-consensus-v1,ProviderRawDailyConsensusV1,provider_consensus_momentum,SPY/USD,1d,ProviderRawDailyConsensusV1:provider_consensus_momentum:SPY/USD:1d:yf_spy:229,2023-11-30T14:30:00+00:00,2023-12-07T14:30:00+00:00,2023-11-30,^IXIC,Bull,0.9797225384,0.857,12.920000076293944,component_pass_from_205047_not_rescored_here,RawProviderConsensusRiskOn,CrossVenueMomentum,provider_raw_daily_consensus,ProviderRawDailyConsensusV1:provider_consensus_momentum,Bull -> RawProviderConsensusRiskOn -> CrossVenueMomentum -> ProviderRawDailyConsensusV1:provider_consensus_momentum,board-b-provider-raw-daily-consensus/v1,1d_hold_5,long_research_only_until_branch_rc_spa_passes,suppress_if_bull_raw_provider_branch_rc_spa_fails,long,1,456.3999938964844,458.2300109863281,0.004009678164585528,0.001,0.0030096781645855284,2023,source_panel_daily_asof,yf_spy,equity_index,2,1.1577351891801182
board-b-provider-raw-daily-consensus/v1,20260511T212329+0800-codex-board-b-provider-raw-daily-consensus-v1,ProviderRawDailyConsensusV1,provider_consensus_momentum,SPY/USD,1d,ProviderRawDailyConsensusV1:provider_consensus_momentum:SPY/USD:1d:yf_spy:235,2023-12-08T14:30:00+00:00,2023-12-15T14:30:00+00:00,2023-12-08,^IXIC,Bull,0.9797225384,0.714,12.350000381469728,component_pass_from_205047_not_rescored_here,RawProviderConsensusRiskOn,CrossVenueMomentum,provider_raw_daily_consensus,ProviderRawDailyConsensusV1:provider_consensus_momentum,Bull -> RawProviderConsensusRiskOn -> CrossVenueMomentum -> ProviderRawDailyConsensusV1:provider_consensus_momentum,board-b-provider-raw-daily-consensus/v1,1d_hold_5,long_research_only_until_branch_rc_spa_passes,suppress_if_bull_raw_provider_branch_rc_spa_fails,long,1,460.2000122070313,469.3299865722656,0.019839144117899332,0.001,0.01883914411789933,2023,source_panel_daily_asof,yf_spy,equity_index,2,1.1573628817488453
board-b-provider-raw-daily-consensus/v1,20260511T212329+0800-codex-board-b-provider-raw-daily-consensus-v1,ProviderRawDailyConsensusV1,provider_consensus_momentum,SPY/USD,1d,ProviderRawDailyConsensusV1:provider_consensus_momentum:SPY/USD:1d:yf_spy:241,2023-12-18T14:30:00+00:00,2023-12-26T14:30:00+00:00,2023-12-18,^IXIC,Bull,0.9797225384,1.0,12.5600004196167,component_pass_from_205047_not_rescored_here,RawProviderConsensusRiskOn,CrossVenueMomentum,provider_raw_daily_consensus,ProviderRawDailyConsensusV1:provider_consensus_momentum,Bull -> RawProviderConsensusRiskOn -> CrossVenueMomentum -> ProviderRawDailyConsensusV1:provider_consensus_momentum,board-b-provider-raw-daily-consensus/v1,1d_hold_5,long_research_only_until_branch_rc_spa_passes,suppress_if_bull_raw_provider_branch_rc_spa_fails,long,1,471.9700012207031,475.6499938964844,0.007797090209681334,0.001,0.006797090209681334,2023,source_panel_daily_asof,yf_spy,equity_index,2,1.1606636365027445
board-b-provider-raw-daily-consensus/v1,20260511T212329+0800-codex-board-b-provider-raw-daily-consensus-v1,ProviderRawDailyConsensusV1,provider_consensus_momentum,SPY/USD,1d,ProviderRawDailyConsensusV1:provider_consensus_momentum:SPY/USD:1d:yf_spy:247,2023-12-27T14:30:00+00:00,2024-01-04T14:30:00+00:00,2023-12-27,^IXIC,Bull,0.9797225384,1.0,12.43000030517578,component_pass_from_205047_not_rescored_here,RawProviderConsensusRiskOn,CrossVenueMomentum,provider_raw_daily_consensus,ProviderRawDailyConsensusV1:provider_consensus_momentum,Bull -> RawProviderConsensusRiskOn -> CrossVenueMomentum -> ProviderRawDailyConsensusV1:provider_consensus_momentum,board-b-provider-raw-daily-consensus/v1,1d_hold_5,long_research_only_until_branch_rc_spa_passes,suppress_if_bull_raw_provider_branch_rc_spa_fails,long,1,476.510009765625,467.2799987792969,-0.019370025387017487,0.001,-0.020370025387017487,2023,source_panel_daily_asof,yf_spy,equity_index,2,1.160395992471065
board-b-provider-raw-daily-consensus/v1,20260511T212329+0800-codex-board-b-provider-raw-daily-consensus-v1,ProviderRawDailyConsensusV1,provider_consensus_momentum,SPY/USD,1d,ProviderRawDailyConsensusV1:provider_consensus_momentum:SPY/USD:1d:yf_spy:253,2024-01-05T14:30:00+00:00,2024-01-12T14:30:00+00:00,2024-01-05,^IXIC,Bull,0.9797225384,0.6,13.350000381469728,component_pass_from_205047_not_rescored_here,RawProviderConsensusRiskOn,CrossVenueMomentum,provider_raw_daily_consensus,ProviderRawDailyConsensusV1:provider_consensus_momentum,Bull -> RawProviderConsensusRiskOn -> CrossVenueMomentum -> ProviderRawDailyConsensusV1:provider_consensus_momentum,board-b-provider-raw-daily-consensus/v1,1d_hold_5,long_research_only_until_branch_rc_spa_passes,suppress_if_bull_raw_provider_branch_rc_spa_fails,long,1,467.9200134277344,476.6799926757813,0.0187211040277504,0.001,0.0177211040277504,2024,source_panel_daily_asof,yf_spy,equity_index,2,1.1598292453253483
board-b-provider-raw-daily-consensus/v1,20260511T212329+0800-codex-board-b-provider-raw-daily-consensus-v1,ProviderRawDailyConsensusV1,provider_consensus_momentum,SPY/USD,1d,ProviderRawDailyConsensusV1:provider_consensus_momentum:SPY/USD:1d:yf_spy:259,2024-01-16T14:30:00+00:00,2024-01-23T14:30:00+00:00,2024-01-16,^IXIC,Bull,0.9797225384,0.6,13.84000015258789,component_pass_from_205047_not_rescored_here,RawProviderConsensusRiskOn,CrossVenueMomentum,provider_raw_daily_consensus,ProviderRawDailyConsensusV1:provider_consensus_momentum,Bull -> RawProviderConsensusRiskOn -> CrossVenueMomentum -> ProviderRawDailyConsensusV1:provider_consensus_momentum,board-b-provider-raw-daily-consensus/v1,1d_hold_5,long_research_only_until_branch_rc_spa_passes,suppress_if_bull_raw_provider_branch_rc_spa_fails,long,1,474.9299926757813,484.8599853515625,0.020908329288354954,0.001,0.019908329288354953,2024,source_panel_daily_asof,yf_spy,equity_index,2,1.1594827940675723
board-b-provider-raw-daily-consensus/v1,20260511T212329+0800-codex-board-b-provider-raw-daily-consensus-v1,ProviderRawDailyConsensusV1,provider_consensus_momentum,SPY/USD,1d,ProviderRawDailyConsensusV1:provider_consensus_momentum:SPY/USD:1d:yf_spy:265,2024-01-24T14:30:00+00:00,2024-01-31T14:30:00+00:00,2024-01-24,^IXIC,Bull,0.9797225384,0.8,13.140000343322754,component_pass_from_205047_not_rescored_here,RawProviderConsensusRiskOn,CrossVenueMomentum,provider_raw_daily_consensus,ProviderRawDailyConsensusV1:provider_consensus_momentum,Bull -> RawProviderConsensusRiskOn -> CrossVenueMomentum -> ProviderRawDailyConsensusV1:provider_consensus_momentum,board-b-provider-raw-daily-consensus/v1,1d_hold_5,long_research_only_until_branch_rc_spa_passes,suppress_if_bull_raw_provider_branch_rc_spa_fails,long,1,485.3900146484375,482.8800048828125,-0.00517111949128779,0.001,-0.00617111949128779,2024,source_panel_daily_asof,yf_spy,equity_index,2,1.1591901886667693
board-b-provider-raw-daily-consensus/v1,20260511T212329+0800-codex-board-b-provider-raw-daily-consensus-v1,ProviderRawDailyConsensusV1,provider_consensus_momentum,SPY/USD,1d,ProviderRawDailyConsensusV1:provider_consensus_momentum:SPY/USD:1d:yf_spy:271,2024-02-01T14:30:00+00:00,2024-02-08T14:30:00+00:00,2024-02-01,^IXIC,Bull,0.9797225384,0.833,13.880000114440918,component_pass_from_205047_not_rescored_here,RawProviderConsensusRiskOn,CrossVenueMomentum,provider_raw_daily_consensus,ProviderRawDailyConsensusV1:provider_consensus_momentum,Bull -> RawProviderConsensusRiskOn -> CrossVenueMomentum -> ProviderRawDailyConsensusV1:provider_consensus_momentum,board-b-provider-raw-daily-consensus/v1,1d_hold_5,long_research_only_until_branch_rc_spa_passes,suppress_if_bull_raw_provider_branch_rc_spa_fails,long,1,489.2000122070313,498.3200073242187,0.018642671483270146,0.001,0.017642671483270145,2024,source_panel_daily_asof,yf_spy,equity_index,2,1.1588161463414044
board-b-provider-raw-daily-consensus/v1,20260511T212329+0800-codex-board-b-provider-raw-daily-consensus-v1,ProviderRawDailyConsensusV1,provider_consensus_momentum,SPY/USD,1d,ProviderRawDailyConsensusV1:provider_consensus_momentum:SPY/USD:1d:yf_spy:277,2024-02-09T14:30:00+00:00,2024-02-16T14:30:00+00:00,2024-02-09,^IXIC,Bull,0.9797225384,0.833,12.93000030517578,component_pass_from_205047_not_rescored_here,RawProviderConsensusRiskOn,CrossVenueMomentum,provider_raw_daily_consensus,ProviderRawDailyConsensusV1:provider_consensus_momentum,Bull -> RawProviderConsensusRiskOn -> CrossVenueMomentum -> ProviderRawDailyConsensusV1:provider_consensus_momentum,board-b-provider-raw-daily-consensus/v1,1d_hold_5,long_research_only_until_branch_rc_spa_passes,suppress_if_bull_raw_provider_branch_rc_spa_fails,long,1,501.2000122070313,499.510009765625,-0.003371912211183714,0.001,-0.004371912211183714,2024,source_panel_daily_asof,yf_spy,equity_index,2,1.158567651255586
board-b-provider-raw-daily-consensus/v1,20260511T212329+0800-codex-board-b-provider-raw-daily-consensus-v1,ProviderRawDailyConsensusV1,provider_consensus_momentum,SPY/USD,1d,ProviderRawDailyConsensusV1:provider_consensus_momentum:SPY/USD:1d:yf_spy:283,2024-02-20T14:30:00+00:00,2024-02-27T14:30:00+00:00,2024-02-20,^IXIC,Bull,0.9797225384,0.6,15.420000076293944,component_pass_from_205047_not_rescored_here,RawProviderConsensusRiskOn,CrossVenueMomentum,provider_raw_daily_consensus,ProviderRawDailyConsensusV1:provider_consensus_momentum,Bull -> RawProviderConsensusRiskOn -> CrossVenueMomentum -> ProviderRawDailyConsensusV1:provider_consensus_momentum,board-b-provider-raw-daily-consensus/v1,1d_hold_5,long_research_only_until_branch_rc_spa_passes,suppress_if_bull_raw_provider_branch_rc_spa_fails,long,1,496.760009765625,506.9299926757813,0.020472628050222097,0.001,0.019472628050222096,2024,source_panel_daily_asof,yf_spy,equity_index,2,1.1582035549007488
board-b-provider-raw-daily-consensus/v1,20260511T212329+0800-codex-board-b-provider-raw-daily-consensus-v1,ProviderRawDailyConsensusV1,provider_consensus_momentum,SPY/USD,1d,ProviderRawDailyConsensusV1:provider_consensus_momentum:SPY/USD:1d:yf_spy:289,2024-02-28T14:30:00+00:00,2024-03-06T14:30:00+00:00,2024-02-28,^IXIC,Bull,0.9797225384,0.6,13.84000015258789,component_pass_from_205047_not_rescored_here,RawProviderConsensusRiskOn,CrossVenueMomentum,provider_raw_daily_consensus,ProviderRawDailyConsensusV1:provider_consensus_momentum,Bull -> RawProviderConsensusRiskOn -> CrossVenueMomentum -> ProviderRawDailyConsensusV1:provider_consensus_momentum,board-b-provider-raw-daily-consensus/v1,1d_hold_5,long_research_only_until_branch_rc_spa_passes,suppress_if_bull_raw_provider_branch_rc_spa_fails,long,1,506.260009765625,509.75,0.006893671566100323,0.001,0.005893671566100323,2024,source_panel_daily_asof,yf_spy,equity_index,2,1.157930600546976
board-b-provider-raw-daily-consensus/v1,20260511T212329+0800-codex-board-b-provider-raw-daily-consensus-v1,ProviderRawDailyConsensusV1,provider_consensus_momentum,SPY/USD,1d,ProviderRawDailyConsensusV1:provider_consensus_momentum:SPY/USD:1d:yf_spy:295,2024-03-07T14:30:00+00:00,2024-03-14T13:30:00+00:00,2024-03-07,^IXIC,Bull,0.9797225384,0.6,14.4399995803833,component_pass_from_205047_not_rescored_here,RawProviderConsensusRiskOn,CrossVenueMomentum,provider_raw_daily_consensus,ProviderRawDailyConsensusV1:provider_consensus_momentum,Bull -> RawProviderConsensusRiskOn -> CrossVenueMomentum -> ProviderRawDailyConsensusV1:provider_consensus_momentum,board-b-provider-raw-daily-consensus/v1,1d_hold_5,long_research_only_until_branch_rc_spa_passes,suppress_if_bull_raw_provider_branch_rc_spa_fails,long,1,514.8099975585938,514.9500122070312,0.0002719734447689248,0.001,-0.0007280265552310752,2024,source_panel_daily_asof,yf_spy,equity_index,2,1.1577021255501785
board-b-provider-raw-daily-consensus/v1,20260511T212329+0800-codex-board-b-provider-raw-daily-consensus-v1,ProviderRawDailyConsensusV1,provider_consensus_momentum,SPY/USD,1d,ProviderRawDailyConsensusV1:provider_consensus_momentum:SPY/USD:1d:yf_spy:301,2024-03-15T13:30:00+00:00,2024-03-22T13:30:00+00:00,2024-03-15,^IXIC,Bull,0.9797225384,0.6,14.40999984741211,component_pass_from_205047_not_rescored_here,RawProviderConsensusRiskOn,CrossVenueMomentum,provider_raw_daily_consensus,ProviderRawDailyConsensusV1:provider_consensus_momentum,Bull -> RawProviderConsensusRiskOn -> CrossVenueMomentum -> ProviderRawDailyConsensusV1:provider_consensus_momentum,board-b-provider-raw-daily-consensus/v1,1d_hold_5,long_research_only_until_branch_rc_spa_passes,suppress_if_bull_raw_provider_branch_rc_spa_fails,long,1,509.8299865722656,521.2100219726562,0.02232123590238766,0.001,0.02132123590238766,2024,source_panel_daily_asof,yf_spy,equity_index,2,1.157238246226472
board-b-provider-raw-daily-consensus/v1,20260511T212329+0800-codex-board-b-provider-raw-daily-consensus-v1,ProviderRawDailyConsensusV1,provider_consensus_momentum,SPY/USD,1d,ProviderRawDailyConsensusV1:provider_consensus_momentum:SPY/USD:1d:yf_spy:307,2024-03-25T13:30:00+00:00,2024-04-02T13:30:00+00:00,2024-03-25,^IXIC,Bull,0.9797225384,0.6,13.1899995803833,component_pass_from_205047_not_rescored_here,RawProviderConsensusRiskOn,CrossVenueMomentum,provider_raw_daily_consensus,ProviderRawDailyConsensusV1:provider_consensus_momentum,Bull -> RawProviderConsensusRiskOn -> CrossVenueMomentum -> ProviderRawDailyConsensusV1:provider_consensus_momentum,board-b-provider-raw-daily-consensus/v1,1d_hold_5,long_research_only_until_branch_rc_spa_passes,suppress_if_bull_raw_provider_branch_rc_spa_fails,long,1,519.77001953125,518.8400268554688,-0.001789238780297353,0.001,-0.002789238780297353,2024,source_panel_daily_asof,yf_spy,equity_index,2,1.160656034644707
board-b-provider-raw-daily-consensus/v1,20260511T212329+0800-codex-board-b-provider-raw-daily-consensus-v1,ProviderRawDailyConsensusV1,provider_consensus_momentum,SPY/USD,1d,ProviderRawDailyConsensusV1:provider_consensus_momentum:SPY/USD:1d:yf_spy:313,2024-04-03T13:30:00+00:00,2024-04-10T13:30:00+00:00,2024-04-03,^IXIC,Bull,0.9797225384,0.6,14.329999923706056,component_pass_from_205047_not_rescored_here,RawProviderConsensusRiskOn,CrossVenueMomentum,provider_raw_daily_consensus,ProviderRawDailyConsensusV1:provider_consensus_momentum,Bull -> RawProviderConsensusRiskOn -> CrossVenueMomentum -> ProviderRawDailyConsensusV1:provider_consensus_momentum,board-b-provider-raw-daily-consensus/v1,1d_hold_5,long_research_only_until_branch_rc_spa_passes,suppress_if_bull_raw_provider_branch_rc_spa_fails,long,1,519.4099731445312,514.1199951171875,-0.01018459078734657,0.001,-0.011184590787346571,2024,source_panel_daily_asof,yf_spy,equity_index,2,1.1603013404884452
board-b-provider-raw-daily-consensus/v1,20260511T212329+0800-codex-board-b-provider-raw-daily-consensus-v1,ProviderRawDailyConsensusV1,provider_consensus_momentum,SPY/USD,1d,ProviderRawDailyConsensusV1:provider_consensus_momentum:SPY/USD:1d:yf_spy:319,2024-04-11T13:30:00+00:00,2024-04-18T13:30:00+00:00,2024-04-11,^IXIC,Bull,0.9797225384,0.6,14.90999984741211,component_pass_from_205047_not_rescored_here,RawProviderConsensusRiskOn,CrossVenueMomentum,provider_raw_daily_consensus,ProviderRawDailyConsensusV1:provider_consensus_momentum,Bull -> RawProviderConsensusRiskOn -> CrossVenueMomentum -> ProviderRawDailyConsensusV1:provider_consensus_momentum,board-b-provider-raw-daily-consensus/v1,1d_hold_5,long_research_only_until_branch_rc_spa_passes,suppress_if_bull_raw_provider_branch_rc_spa_fails,long,1,518.0,499.5199890136719,-0.03567569688480332,0.001,-0.03667569688480332,2024,source_panel_daily_asof,yf_spy,equity_index,2,1.1599067278114068
board-b-provider-raw-daily-consensus/v1,20260511T212329+0800-codex-board-b-provider-raw-daily-consensus-v1,ProviderRawDailyConsensusV1,provider_consensus_momentum,SPY/USD,1d,ProviderRawDailyConsensusV1:provider_consensus_momentum:SPY/USD:1d:yf_spy:338,2024-05-08T13:30:00+00:00,2024-05-15T13:30:00+00:00,2024-05-08,^IXIC,Bull,0.9797225384,0.6,13.0,component_pass_from_205047_not_rescored_here,RawProviderConsensusRiskOn,CrossVenueMomentum,provider_raw_daily_consensus,ProviderRawDailyConsensusV1:provider_consensus_momentum,Bull -> RawProviderConsensusRiskOn -> CrossVenueMomentum -> ProviderRawDailyConsensusV1:provider_consensus_momentum,board-b-provider-raw-daily-consensus/v1,1d_hold_5,long_research_only_until_branch_rc_spa_passes,suppress_if_bull_raw_provider_branch_rc_spa_fails,long,1,517.1900024414062,529.780029296875,0.024343136557236633,0.001,0.023343136557236632,2024,source_panel_daily_asof,yf_spy,equity_index,2,1.1589169570108155
board-b-provider-raw-daily-consensus/v1,20260511T212329+0800-codex-board-b-provider-raw-daily-consensus-v1,ProviderRawDailyConsensusV1,provider_consensus_momentum,SPY/USD,1d,ProviderRawDailyConsensusV1:provider_consensus_momentum:SPY/USD:1d:yf_spy:344,2024-05-16T13:30:00+00:00,2024-05-23T13:30:00+00:00,2024-05-16,^IXIC,Bull,0.9797225384,1.0,12.420000076293944,component_pass_from_205047_not_rescored_here,RawProviderConsensusRiskOn,CrossVenueMomentum,provider_raw_daily_consensus,ProviderRawDailyConsensusV1:provider_consensus_momentum,Bull -> RawProviderConsensusRiskOn -> CrossVenueMomentum -> ProviderRawDailyConsensusV1:provider_consensus_momentum,board-b-provider-raw-daily-consensus/v1,1d_hold_5,long_research_only_until_branch_rc_spa_passes,suppress_if_bull_raw_provider_branch_rc_spa_fails,long,1,528.6900024414062,525.9600219726562,-0.005163669553317374,0.001,-0.006163669553317374,2024,source_panel_daily_asof,yf_spy,equity_index,2,1.1585499476218368
board-b-provider-raw-daily-consensus/v1,20260511T212329+0800-codex-board-b-provider-raw-daily-consensus-v1,ProviderRawDailyConsensusV1,provider_consensus_momentum,SPY/USD,1d,ProviderRawDailyConsensusV1:provider_consensus_momentum:SPY/USD:1d:yf_spy:350,2024-05-24T13:30:00+00:00,2024-06-03T13:30:00+00:00,2024-05-24,^IXIC,Bull,0.9797225384,1.0,11.93000030517578,component_pass_from_205047_not_rescored_here,RawProviderConsensusRiskOn,CrossVenueMomentum,provider_raw_daily_consensus,ProviderRawDailyConsensusV1:provider_consensus_momentum,Bull -> RawProviderConsensusRiskOn -> CrossVenueMomentum -> ProviderRawDailyConsensusV1:provider_consensus_momentum,board-b-provider-raw-daily-consensus/v1,1d_hold_5,long_research_only_until_branch_rc_spa_passes,suppress_if_bull_raw_provider_branch_rc_spa_fails,long,1,529.4400024414062,527.7999877929688,-0.0030976402252850255,0.001,-0.0040976402252850255,2024,source_panel_daily_asof,yf_spy,equity_index,2,1.1582747793388968
board-b-provider-raw-daily-consensus/v1,20260511T212329+0800-codex-board-b-provider-raw-daily-consensus-v1,ProviderRawDailyConsensusV1,provider_consensus_momentum,SPY/USD,1d,ProviderRawDailyConsensusV1:provider_consensus_momentum:SPY/USD:1d:yf_spy:356,2024-06-04T13:30:00+00:00,2024-06-11T13:30:00+00:00,2024-06-04,^IXIC,Bull,0.9797225384,0.6,13.15999984741211,component_pass_from_205047_not_rescored_here,RawProviderConsensusRiskOn,CrossVenueMomentum,provider_raw_daily_consensus,ProviderRawDailyConsensusV1:provider_consensus_momentum,Bull -> RawProviderConsensusRiskOn -> CrossVenueMomentum -> ProviderRawDailyConsensusV1:provider_consensus_momentum,board-b-provider-raw-daily-consensus/v1,1d_hold_5,long_research_only_until_branch_rc_spa_passes,suppress_if_bull_raw_provider_branch_rc_spa_fails,long,1,528.3900146484375,536.9500122070312,0.016200150118826695,0.001,0.015200150118826694,2024,source_panel_daily_asof,yf_spy,equity_index,2,1.1579699562145376
board-b-provider-raw-daily-consensus/v1,20260511T212329+0800-codex-board-b-provider-raw-daily-consensus-v1,ProviderRawDailyConsensusV1,provider_consensus_momentum,SPY/USD,1d,ProviderRawDailyConsensusV1:provider_consensus_momentum:SPY/USD:1d:yf_spy:362,2024-06-12T13:30:00+00:00,2024-06-20T13:30:00+00:00,2024-06-12,^IXIC,Bull,0.9797225384,1.0,12.039999961853027,component_pass_from_205047_not_rescored_here,RawProviderConsensusRiskOn,CrossVenueMomentum,provider_raw_daily_consensus,ProviderRawDailyConsensusV1:provider_consensus_momentum,Bull -> RawProviderConsensusRiskOn -> CrossVenueMomentum -> ProviderRawDailyConsensusV1:provider_consensus_momentum,board-b-provider-raw-daily-consensus/v1,1d_hold_5,long_research_only_until_branch_rc_spa_passes,suppress_if_bull_raw_provider_branch_rc_spa_fails,long,1,541.3599853515625,547.0,0.010418233340195648,0.001,0.009418233340195648,2024,source_panel_daily_asof,yf_spy,equity_index,2,1.1576826216945841
board-b-provider-raw-daily-consensus/v1,20260511T212329+0800-codex-board-b-provider-raw-daily-consensus-v1,ProviderRawDailyConsensusV1,provider_consensus_momentum,SPY/USD,1d,ProviderRawDailyConsensusV1:provider_consensus_momentum:SPY/USD:1d:yf_spy:368,2024-06-21T13:30:00+00:00,2024-06-28T13:30:00+00:00,2024-06-21,^IXIC,Bull,0.9797225384,1.0,13.199999809265137,component_pass_from_205047_not_rescored_here,RawProviderConsensusRiskOn,CrossVenueMomentum,provider_raw_daily_consensus,ProviderRawDailyConsensusV1:provider_consensus_momentum,Bull -> RawProviderConsensusRiskOn -> CrossVenueMomentum -> ProviderRawDailyConsensusV1:provider_consensus_momentum,board-b-provider-raw-daily-consensus/v1,1d_hold_5,long_research_only_until_branch_rc_spa_passes,suppress_if_bull_raw_provider_branch_rc_spa_fails,long,1,544.510009765625,544.219970703125,-0.0005326606624271868,0.001,-0.0015326606624271868,2024,source_panel_daily_asof,yf_spy,equity_index,2,1.1582287801413393
board-b-provider-raw-daily-consensus/v1,20260511T212329+0800-codex-board-b-provider-raw-daily-consensus-v1,ProviderRawDailyConsensusV1,provider_consensus_momentum,SPY/USD,1d,ProviderRawDailyConsensusV1:provider_consensus_momentum:SPY/USD:1d:yf_spy:374,2024-07-01T13:30:00+00:00,2024-07-09T13:30:00+00:00,2024-07-01,^IXIC,Bull,0.9797225384,1.0,12.220000267028809,component_pass_from_205047_not_rescored_here,RawProviderConsensusRiskOn,CrossVenueMomentum,provider_raw_daily_consensus,ProviderRawDailyConsensusV1:provider_consensus_momentum,Bull -> RawProviderConsensusRiskOn -> CrossVenueMomentum -> ProviderRawDailyConsensusV1:provider_consensus_momentum,board-b-provider-raw-daily-consensus/v1,1d_hold_5,long_research_only_until_branch_rc_spa_passes,suppress_if_bull_raw_provider_branch_rc_spa_fails,long,1,545.3400268554688,555.8200073242188,0.019217332219641836,0.001,0.018217332219641835,2024,source_panel_daily_asof,yf_spy,equity_index,2,1.1604824089679382
board-b-provider-raw-daily-consensus/v1,20260511T212329+0800-codex-board-b-provider-raw-daily-consensus-v1,ProviderRawDailyConsensusV1,provider_consensus_momentum,SPY/USD,1d,ProviderRawDailyConsensusV1:provider_consensus_momentum:SPY/USD:1d:yf_spy:380,2024-07-10T13:30:00+00:00,2024-07-17T13:30:00+00:00,2024-07-10,^IXIC,Bull,0.9797225384,1.0,12.850000381469728,component_pass_from_205047_not_rescored_here,RawProviderConsensusRiskOn,CrossVenueMomentum,provider_raw_daily_consensus,ProviderRawDailyConsensusV1:provider_consensus_momentum,Bull -> RawProviderConsensusRiskOn -> CrossVenueMomentum -> ProviderRawDailyConsensusV1:provider_consensus_momentum,board-b-provider-raw-daily-consensus/v1,1d_hold_5,long_research_only_until_branch_rc_spa_passes,suppress_if_bull_raw_provider_branch_rc_spa_fails,long,1,561.3200073242188,556.9400024414062,-0.0078030442985486115,0.001,-0.008803044298548612,2024,source_panel_daily_asof,yf_spy,equity_index,2,1.1601614843041503
board-b-provider-raw-daily-consensus/v1,20260511T212329+0800-codex-board-b-provider-raw-daily-consensus-v1,ProviderRawDailyConsensusV1,provider_consensus_momentum,SPY/USD,1d,ProviderRawDailyConsensusV1:provider_consensus_momentum:SPY/USD:1d:yf_spy:386,2024-07-18T13:30:00+00:00,2024-07-25T13:30:00+00:00,2024-07-18,^IXIC,Bull,0.9797225384,0.6,15.93000030517578,component_pass_from_205047_not_rescored_here,RawProviderConsensusRiskOn,CrossVenueMomentum,provider_raw_daily_consensus,ProviderRawDailyConsensusV1:provider_consensus_momentum,Bull -> RawProviderConsensusRiskOn -> CrossVenueMomentum -> ProviderRawDailyConsensusV1:provider_consensus_momentum,board-b-provider-raw-daily-consensus/v1,1d_hold_5,long_research_only_until_branch_rc_spa_passes,suppress_if_bull_raw_provider_branch_rc_spa_fails,long,1,552.6599731445312,538.4099731445312,-0.02578438948440609,0.001,-0.02678438948440609,2024,source_panel_daily_asof,yf_spy,equity_index,2,1.1599240261266726
board-b-provider-raw-daily-consensus/v1,20260511T212329+0800-codex-board-b-provider-raw-daily-consensus-v1,ProviderRawDailyConsensusV1,provider_consensus_momentum,SPY/USD,1d,ProviderRawDailyConsensusV1:provider_consensus_momentum:SPY/USD:1d:yf_spy:406,2024-08-15T13:30:00+00:00,2024-08-22T13:30:00+00:00,2024-08-15,^IXIC,Bull,0.9797225384,0.4,15.229999542236328,component_pass_from_205047_not_rescored_here,RawProviderConsensusRiskOn,CrossVenueMomentum,provider_raw_daily_consensus,ProviderRawDailyConsensusV1:provider_consensus_momentum,Bull -> RawProviderConsensusRiskOn -> CrossVenueMomentum -> ProviderRawDailyConsensusV1:provider_consensus_momentum,board-b-provider-raw-daily-consensus/v1,1d_hold_5,long_research_only_until_branch_rc_spa_passes,suppress_if_bull_raw_provider_branch_rc_spa_fails,long,1,553.0700073242188,556.219970703125,0.005695415294974859,0.001,0.004695415294974859,2024,source_panel_daily_asof,yf_spy,equity_index,2,1.1586298162959416
board-b-provider-raw-daily-consensus/v1,20260511T212329+0800-codex-board-b-provider-raw-daily-consensus-v1,ProviderRawDailyConsensusV1,provider_consensus_momentum,SPY/USD,1d,ProviderRawDailyConsensusV1:provider_consensus_momentum:SPY/USD:1d:yf_spy:412,2024-08-23T13:30:00+00:00,2024-08-30T13:30:00+00:00,2024-08-23,^IXIC,Bull,0.9797225384,0.6,15.859999656677246,component_pass_from_205047_not_rescored_here,RawProviderConsensusRiskOn,CrossVenueMomentum,provider_raw_daily_consensus,ProviderRawDailyConsensusV1:provider_consensus_momentum,Bull -> RawProviderConsensusRiskOn -> CrossVenueMomentum -> ProviderRawDailyConsensusV1:provider_consensus_momentum,board-b-provider-raw-daily-consensus/v1,1d_hold_5,long_research_only_until_branch_rc_spa_passes,suppress_if_bull_raw_provider_branch_rc_spa_fails,long,1,562.1300048828125,563.6799926757812,0.0027573475521767143,0.001,0.0017573475521767143,2024,source_panel_daily_asof,yf_spy,equity_index,2,1.1583747188385576
board-b-provider-raw-daily-consensus/v1,20260511T212329+0800-codex-board-b-provider-raw-daily-consensus-v1,ProviderRawDailyConsensusV1,provider_consensus_momentum,SPY/USD,1d,ProviderRawDailyConsensusV1:provider_consensus_momentum:SPY/USD:1d:yf_spy:418,2024-09-03T13:30:00+00:00,2024-09-10T13:30:00+00:00,2024-09-03,^IXIC,Bull,0.9797225384,0.6,20.719999313354492,component_pass_from_205047_not_rescored_here,RawProviderConsensusRiskOn,CrossVenueMomentum,provider_raw_daily_consensus,ProviderRawDailyConsensusV1:provider_consensus_momentum,Bull -> RawProviderConsensusRiskOn -> CrossVenueMomentum -> ProviderRawDailyConsensusV1:provider_consensus_momentum,board-b-provider-raw-daily-consensus/v1,1d_hold_5,long_research_only_until_branch_rc_spa_passes,suppress_if_bull_raw_provider_branch_rc_spa_fails,long,1,552.0800170898438,548.7899780273438,-0.005959351834255222,0.001,-0.006959351834255222,2024,source_panel_daily_asof,yf_spy,equity_index,2,1.1579678037962962
board-b-provider-raw-daily-consensus/v1,20260511T212329+0800-codex-board-b-provider-raw-daily-consensus-v1,ProviderRawDailyConsensusV1,provider_consensus_momentum,SPY/USD,1d,ProviderRawDailyConsensusV1:provider_consensus_momentum:SPY/USD:1d:yf_spy:425,2024-09-12T13:30:00+00:00,2024-09-19T13:30:00+00:00,2024-09-12,^IXIC,Bull,0.9797225384,0.6,17.06999969482422,component_pass_from_205047_not_rescored_here,RawProviderConsensusRiskOn,CrossVenueMomentum,provider_raw_daily_consensus,ProviderRawDailyConsensusV1:provider_consensus_momentum,Bull -> RawProviderConsensusRiskOn -> CrossVenueMomentum -> ProviderRawDailyConsensusV1:provider_consensus_momentum,board-b-provider-raw-daily-consensus/v1,1d_hold_5,long_research_only_until_branch_rc_spa_passes,suppress_if_bull_raw_provider_branch_rc_spa_fails,long,1,559.0900268554688,570.97998046875,0.02126661725689294,0.001,0.020266617256892938,2024,source_panel_daily_asof,yf_spy,equity_index,2,1.1575574794040553
board-b-provider-raw-daily-consensus/v1,20260511T212329+0800-codex-board-b-provider-raw-daily-consensus-v1,ProviderRawDailyConsensusV1,provider_consensus_momentum,SPY/USD,1d,ProviderRawDailyConsensusV1:provider_consensus_momentum:SPY/USD:1d:yf_spy:431,2024-09-20T13:30:00+00:00,2024-09-27T13:30:00+00:00,2024-09-20,^IXIC,Bull,0.9797225384,0.6,16.149999618530273,component_pass_from_205047_not_rescored_here,RawProviderConsensusRiskOn,CrossVenueMomentum,provider_raw_daily_consensus,ProviderRawDailyConsensusV1:provider_consensus_momentum,Bull -> RawProviderConsensusRiskOn -> CrossVenueMomentum -> ProviderRawDailyConsensusV1:provider_consensus_momentum,board-b-provider-raw-daily-consensus/v1,1d_hold_5,long_research_only_until_branch_rc_spa_passes,suppress_if_bull_raw_provider_branch_rc_spa_fails,long,1,568.25,571.469970703125,0.005666468461284602,0.001,0.004666468461284602,2024,source_panel_daily_asof,yf_spy,equity_index,2,1.157801291378303
board-b-provider-raw-daily-consensus/v1,20260511T212329+0800-codex-board-b-provider-raw-daily-consensus-v1,ProviderRawDailyConsensusV1,provider_consensus_momentum,SPY/USD,1d,ProviderRawDailyConsensusV1:provider_consensus_momentum:SPY/USD:1d:yf_spy:437,2024-09-30T13:30:00+00:00,2024-10-07T13:30:00+00:00,2024-09-30,^IXIC,Bull,0.9797225384,0.8,16.729999542236328,component_pass_from_205047_not_rescored_here,RawProviderConsensusRiskOn,CrossVenueMomentum,provider_raw_daily_consensus,ProviderRawDailyConsensusV1:provider_consensus_momentum,Bull -> RawProviderConsensusRiskOn -> CrossVenueMomentum -> ProviderRawDailyConsensusV1:provider_consensus_momentum,board-b-provider-raw-daily-consensus/v1,1d_hold_5,long_research_only_until_branch_rc_spa_passes,suppress_if_bull_raw_provider_branch_rc_spa_fails,long,1,573.760009765625,567.7999877929688,-0.010387656635551967,0.001,-0.011387656635551968,2024,source_panel_daily_asof,yf_spy,equity_index,2,1.1601691303457766
board-b-provider-raw-daily-consensus/v1,20260511T212329+0800-codex-board-b-provider-raw-daily-consensus-v1,ProviderRawDailyConsensusV1,provider_consensus_momentum,SPY/USD,1d,ProviderRawDailyConsensusV1:provider_consensus_momentum:SPY/USD:1d:yf_spy:443,2024-10-08T13:30:00+00:00,2024-10-15T13:30:00+00:00,2024-10-08,^IXIC,Bull,0.9797225384,0.833,21.420000076293945,component_pass_from_205047_not_rescored_here,RawProviderConsensusRiskOn,CrossVenueMomentum,provider_raw_daily_consensus,ProviderRawDailyConsensusV1:provider_consensus_momentum,Bull -> RawProviderConsensusRiskOn -> CrossVenueMomentum -> ProviderRawDailyConsensusV1:provider_consensus_momentum,board-b-provider-raw-daily-consensus/v1,1d_hold_5,long_research_only_until_branch_rc_spa_passes,suppress_if_bull_raw_provider_branch_rc_spa_fails,long,1,573.1699829101562,579.780029296875,0.011532436421666015,0.001,0.010532436421666014,2024,source_panel_daily_asof,yf_spy,equity_index,2,1.1598593941936521
board-b-provider-raw-daily-consensus/v1,20260511T212329+0800-codex-board-b-provider-raw-daily-consensus-v1,ProviderRawDailyConsensusV1,provider_consensus_momentum,SPY/USD,1d,ProviderRawDailyConsensusV1:provider_consensus_momentum:SPY/USD:1d:yf_spy:449,2024-10-16T13:30:00+00:00,2024-10-23T13:30:00+00:00,2024-10-16,^IXIC,Bull,0.9797225384,0.6,19.579999923706055,component_pass_from_205047_not_rescored_here,RawProviderConsensusRiskOn,CrossVenueMomentum,provider_raw_daily_consensus,ProviderRawDailyConsensusV1:provider_consensus_momentum,Bull -> RawProviderConsensusRiskOn -> CrossVenueMomentum -> ProviderRawDailyConsensusV1:provider_consensus_momentum,board-b-provider-raw-daily-consensus/v1,1d_hold_5,long_research_only_until_branch_rc_spa_passes,suppress_if_bull_raw_provider_branch_rc_spa_fails,long,1,582.2999877929688,577.989990234375,-0.0074016789437511,0.001,-0.0084016789437511,2024,source_panel_daily_asof,yf_spy,equity_index,2,1.159627581923781
board-b-provider-raw-daily-consensus/v1,20260511T212329+0800-codex-board-b-provider-raw-daily-consensus-v1,ProviderRawDailyConsensusV1,provider_consensus_momentum,SPY/USD,1d,ProviderRawDailyConsensusV1:provider_consensus_momentum:SPY/USD:1d:yf_spy:455,2024-10-24T13:30:00+00:00,2024-10-31T13:30:00+00:00,2024-10-24,^IXIC,Bull,0.9797225384,0.6,19.079999923706055,component_pass_from_205047_not_rescored_here,RawProviderConsensusRiskOn,CrossVenueMomentum,provider_raw_daily_consensus,ProviderRawDailyConsensusV1:provider_consensus_momentum,Bull -> RawProviderConsensusRiskOn -> CrossVenueMomentum -> ProviderRawDailyConsensusV1:provider_consensus_momentum,board-b-provider-raw-daily-consensus/v1,1d_hold_5,long_research_only_until_branch_rc_spa_passes,suppress_if_bull_raw_provider_branch_rc_spa_fails,long,1,579.239990234375,568.6400146484375,-0.018299799331272792,0.001,-0.019299799331272793,2024,source_panel_daily_asof,yf_spy,equity_index,2,1.1593478288899723
board-b-provider-raw-daily-consensus/v1,20260511T212329+0800-codex-board-b-provider-raw-daily-consensus-v1,ProviderRawDailyConsensusV1,provider_consensus_momentum,SPY/USD,1d,ProviderRawDailyConsensusV1:provider_consensus_momentum:SPY/USD:1d:yf_spy:462,2024-11-04T14:30:00+00:00,2024-11-11T14:30:00+00:00,2024-11-04,^IXIC,Bull,0.9797225384,0.6,21.979999542236328,component_pass_from_205047_not_rescored_here,RawProviderConsensusRiskOn,CrossVenueMomentum,provider_raw_daily_consensus,ProviderRawDailyConsensusV1:provider_consensus_momentum,Bull -> RawProviderConsensusRiskOn -> CrossVenueMomentum -> ProviderRawDailyConsensusV1:provider_consensus_momentum,board-b-provider-raw-daily-consensus/v1,1d_hold_5,long_research_only_until_branch_rc_spa_passes,suppress_if_bull_raw_provider_branch_rc_spa_fails,long,1,569.8099975585938,598.760009765625,0.05080643079459879,0.001,0.04980643079459879,2024,source_panel_daily_asof,yf_spy,equity_index,2,1.1589227757071112
board-b-provider-raw-daily-consensus/v1,20260511T212329+0800-codex-board-b-provider-raw-daily-consensus-v1,ProviderRawDailyConsensusV1,provider_consensus_momentum,SPY/USD,1d,ProviderRawDailyConsensusV1:provider_consensus_momentum:SPY/USD:1d:yf_spy:468,2024-11-12T14:30:00+00:00,2024-11-19T14:30:00+00:00,2024-11-12,^IXIC,Bull,0.9797225384,1.0,14.710000038146973,component_pass_from_205047_not_rescored_here,RawProviderConsensusRiskOn,CrossVenueMomentum,provider_raw_daily_consensus,ProviderRawDailyConsensusV1:provider_consensus_momentum,Bull -> RawProviderConsensusRiskOn -> CrossVenueMomentum -> ProviderRawDailyConsensusV1:provider_consensus_momentum,board-b-provider-raw-daily-consensus/v1,1d_hold_5,long_research_only_until_branch_rc_spa_passes,suppress_if_bull_raw_provider_branch_rc_spa_fails,long,1,596.9000244140625,590.2999877929688,-0.01105718939712319,0.001,-0.012057189397123191,2024,source_panel_daily_asof,yf_spy,equity_index,2,1.158795445067447
board-b-provider-raw-daily-consensus/v1,20260511T212329+0800-codex-board-b-provider-raw-daily-consensus-v1,ProviderRawDailyConsensusV1,provider_consensus_momentum,SPY/USD,1d,ProviderRawDailyConsensusV1:provider_consensus_momentum:SPY/USD:1d:yf_spy:474,2024-11-20T14:30:00+00:00,2024-11-27T14:30:00+00:00,2024-11-20,^IXIC,Bull,0.9797225384,0.6,17.15999984741211,component_pass_from_205047_not_rescored_here,RawProviderConsensusRiskOn,CrossVenueMomentum,provider_raw_daily_consensus,ProviderRawDailyConsensusV1:provider_consensus_momentum,Bull -> RawProviderConsensusRiskOn -> CrossVenueMomentum -> ProviderRawDailyConsensusV1:provider_consensus_momentum,board-b-provider-raw-daily-consensus/v1,1d_hold_5,long_research_only_until_branch_rc_spa_passes,suppress_if_bull_raw_provider_branch_rc_spa_fails,long,1,590.5,598.8300170898438,0.014106718187711698,0.001,0.013106718187711697,2024,source_panel_daily_asof,yf_spy,equity_index,2,1.1583737558150398
board-b-provider-raw-daily-consensus/v1,20260511T212329+0800-codex-board-b-provider-raw-daily-consensus-v1,ProviderRawDailyConsensusV1,provider_consensus_momentum,SPY/USD,1d,ProviderRawDailyConsensusV1:provider_consensus_momentum:SPY/USD:1d:yf_spy:480,2024-11-29T14:30:00+00:00,2024-12-06T14:30:00+00:00,2024-11-29,^IXIC,Bull,0.9797225384,0.833,13.510000228881836,component_pass_from_205047_not_rescored_here,RawProviderConsensusRiskOn,CrossVenueMomentum,provider_raw_daily_consensus,ProviderRawDailyConsensusV1:provider_consensus_momentum,Bull -> RawProviderConsensusRiskOn -> CrossVenueMomentum -> ProviderRawDailyConsensusV1:provider_consensus_momentum,board-b-provider-raw-daily-consensus/v1,1d_hold_5,long_research_only_until_branch_rc_spa_passes,suppress_if_bull_raw_provider_branch_rc_spa_fails,long,1,602.5499877929688,607.8099975585938,0.008729582395132773,0.001,0.007729582395132773,2024,source_panel_daily_asof,yf_spy,equity_index,2,1.1580885358680875
board-b-provider-raw-daily-consensus/v1,20260511T212329+0800-codex-board-b-provider-raw-daily-consensus-v1,ProviderRawDailyConsensusV1,provider_consensus_momentum,SPY/USD,1d,ProviderRawDailyConsensusV1:provider_consensus_momentum:SPY/USD:1d:yf_spy:486,2024-12-09T14:30:00+00:00,2024-12-16T14:30:00+00:00,2024-12-09,^IXIC,Bull,0.9797225384,0.8,14.1899995803833,component_pass_from_205047_not_rescored_here,RawProviderConsensusRiskOn,CrossVenueMomentum,provider_raw_daily_consensus,ProviderRawDailyConsensusV1:provider_consensus_momentum,Bull -> RawProviderConsensusRiskOn -> CrossVenueMomentum -> ProviderRawDailyConsensusV1:provider_consensus_momentum,board-b-provider-raw-daily-consensus/v1,1d_hold_5,long_research_only_until_branch_rc_spa_passes,suppress_if_bull_raw_provider_branch_rc_spa_fails,long,1,604.6799926757812,606.7899780273438,0.0034894247819008406,0.001,0.0024894247819008406,2024,source_panel_daily_asof,yf_spy,equity_index,2,1.1578143055105792
board-b-provider-raw-daily-consensus/v1,20260511T212329+0800-codex-board-b-provider-raw-daily-consensus-v1,ProviderRawDailyConsensusV1,provider_consensus_momentum,SPY/USD,1d,ProviderRawDailyConsensusV1:provider_consensus_momentum:SPY/USD:1d:yf_spy:492,2024-12-17T14:30:00+00:00,2024-12-24T14:30:00+00:00,2024-12-17,^IXIC,Bull,0.9797225384,1.0,15.869999885559082,component_pass_from_205047_not_rescored_here,RawProviderConsensusRiskOn,CrossVenueMomentum,provider_raw_daily_consensus,ProviderRawDailyConsensusV1:provider_consensus_momentum,Bull -> RawProviderConsensusRiskOn -> CrossVenueMomentum -> ProviderRawDailyConsensusV1:provider_consensus_momentum,board-b-provider-raw-daily-consensus/v1,1d_hold_5,long_research_only_until_branch_rc_spa_passes,suppress_if_bull_raw_provider_branch_rc_spa_fails,long,1,604.2899780273438,601.2999877929688,-0.0049479394712710345,0.001,-0.0059479394712710345,2024,source_panel_daily_asof,yf_spy,equity_index,2,1.1575028531094929
board-b-provider-raw-daily-consensus/v1,20260511T212329+0800-codex-board-b-provider-raw-daily-consensus-v1,ProviderRawDailyConsensusV1,provider_consensus_momentum,SPY/USD,1d,ProviderRawDailyConsensusV1:provider_consensus_momentum:SPY/USD:1d:yf_spy:498,2024-12-26T14:30:00+00:00,2025-01-03T14:30:00+00:00,2024-12-26,^IXIC,Bull,0.9797225384,0.6,14.729999542236328,component_pass_from_205047_not_rescored_here,RawProviderConsensusRiskOn,CrossVenueMomentum,provider_raw_daily_consensus,ProviderRawDailyConsensusV1:provider_consensus_momentum,Bull -> RawProviderConsensusRiskOn -> CrossVenueMomentum -> ProviderRawDailyConsensusV1:provider_consensus_momentum,board-b-provider-raw-daily-consensus/v1,1d_hold_5,long_research_only_until_branch_rc_spa_passes,suppress_if_bull_raw_provider_branch_rc_spa_fails,long,1,601.3400268554688,591.9500122070312,-0.015615149880409351,0.001,-0.016615149880409352,2024,source_panel_daily_asof,yf_spy,equity_index,2,1.160226617326038
board-b-provider-raw-daily-consensus/v1,20260511T212329+0800-codex-board-b-provider-raw-daily-consensus-v1,ProviderRawDailyConsensusV1,provider_consensus_momentum,SPY/USD,1d,ProviderRawDailyConsensusV1:provider_consensus_momentum:SPY/USD:1d:yf_spy:513,2025-01-21T14:30:00+00:00,2025-01-28T14:30:00+00:00,2025-01-21,^IXIC,Bull,0.9797225384,0.6,15.0600004196167,component_pass_from_205047_not_rescored_here,RawProviderConsensusRiskOn,CrossVenueMomentum,provider_raw_daily_consensus,ProviderRawDailyConsensusV1:provider_consensus_momentum,Bull -> RawProviderConsensusRiskOn -> CrossVenueMomentum -> ProviderRawDailyConsensusV1:provider_consensus_momentum,board-b-provider-raw-daily-consensus/v1,1d_hold_5,long_research_only_until_branch_rc_spa_passes,suppress_if_bull_raw_provider_branch_rc_spa_fails,long,1,603.0499877929688,604.52001953125,0.0024376615007675184,0.001,0.0014376615007675184,2025,source_panel_daily_asof,yf_spy,equity_index,2,1.159150540501031
board-b-provider-raw-daily-consensus/v1,20260511T212329+0800-codex-board-b-provider-raw-daily-consensus-v1,ProviderRawDailyConsensusV1,provider_consensus_momentum,SPY/USD,1d,ProviderRawDailyConsensusV1:provider_consensus_momentum:SPY/USD:1d:yf_spy:520,2025-01-30T14:30:00+00:00,2025-02-06T14:30:00+00:00,2025-01-30,^IXIC,Bull,0.9797225384,0.6,15.84000015258789,component_pass_from_205047_not_rescored_here,RawProviderConsensusRiskOn,CrossVenueMomentum,provider_raw_daily_consensus,ProviderRawDailyConsensusV1:provider_consensus_momentum,Bull -> RawProviderConsensusRiskOn -> CrossVenueMomentum -> ProviderRawDailyConsensusV1:provider_consensus_momentum,board-b-provider-raw-daily-consensus/v1,1d_hold_5,long_research_only_until_branch_rc_spa_passes,suppress_if_bull_raw_provider_branch_rc_spa_fails,long,1,605.0399780273438,606.3200073242188,0.002115611105646842,0.001,0.0011156111056468418,2025,source_panel_daily_asof,yf_spy,equity_index,2,1.158957377002678
board-b-provider-raw-daily-consensus/v1,20260511T212329+0800-codex-board-b-provider-raw-daily-consensus-v1,ProviderRawDailyConsensusV1,provider_consensus_momentum,SPY/USD,1d,ProviderRawDailyConsensusV1:provider_consensus_momentum:SPY/USD:1d:yf_spy:527,2025-02-10T14:30:00+00:00,2025-02-18T14:30:00+00:00,2025-02-10,^IXIC,Bull,0.9797225384,0.6,15.8100004196167,component_pass_from_205047_not_rescored_here,RawProviderConsensusRiskOn,CrossVenueMomentum,provider_raw_daily_consensus,ProviderRawDailyConsensusV1:provider_consensus_momentum,Bull -> RawProviderConsensusRiskOn -> CrossVenueMomentum -> ProviderRawDailyConsensusV1:provider_consensus_momentum,board-b-provider-raw-daily-consensus/v1,1d_hold_5,long_research_only_until_branch_rc_spa_passes,suppress_if_bull_raw_provider_branch_rc_spa_fails,long,1,604.8499755859375,611.489990234375,0.010977953073413094,0.001,0.009977953073413093,2025,source_panel_daily_asof,yf_spy,equity_index,2,1.1586300073968236
board-b-provider-raw-daily-consensus/v1,20260511T212329+0800-codex-board-b-provider-raw-daily-consensus-v1,ProviderRawDailyConsensusV1,provider_consensus_momentum,SPY/USD,1d,ProviderRawDailyConsensusV1:provider_consensus_momentum:SPY/USD:1d:yf_spy:533,2025-02-19T14:30:00+00:00,2025-02-26T14:30:00+00:00,2025-02-19,^IXIC,Bull,0.9797225384,0.6,15.270000457763672,component_pass_from_205047_not_rescored_here,RawProviderConsensusRiskOn,CrossVenueMomentum,provider_raw_daily_consensus,ProviderRawDailyConsensusV1:provider_consensus_momentum,Bull -> RawProviderConsensusRiskOn -> CrossVenueMomentum -> ProviderRawDailyConsensusV1:provider_consensus_momentum,board-b-provider-raw-daily-consensus/v1,1d_hold_5,long_research_only_until_branch_rc_spa_passes,suppress_if_bull_raw_provider_branch_rc_spa_fails,long,1,612.9299926757812,594.5399780273438,-0.03000345042368513,0.001,-0.03100345042368513,2025,source_panel_daily_asof,yf_spy,equity_index,2,1.1583626579616606
board-b-provider-raw-daily-consensus/v1,20260511T212329+0800-codex-board-b-provider-raw-daily-consensus-v1,ProviderRawDailyConsensusV1,provider_consensus_momentum,SPY/USD,1d,ProviderRawDailyConsensusV1:provider_consensus_momentum:SPY/USD:1d:yf_spy:584,2025-05-02T13:30:00+00:00,2025-05-09T13:30:00+00:00,2025-05-02,^IXIC,Bull,0.9797225384,0.222,22.68000030517578,component_pass_from_205047_not_rescored_here,RawProviderConsensusRiskOn,CrossVenueMomentum,provider_raw_daily_consensus,ProviderRawDailyConsensusV1:provider_consensus_momentum,Bull -> RawProviderConsensusRiskOn -> CrossVenueMomentum -> ProviderRawDailyConsensusV1:provider_consensus_momentum,board-b-provider-raw-daily-consensus/v1,1d_hold_5,long_research_only_until_branch_rc_spa_passes,suppress_if_bull_raw_provider_branch_rc_spa_fails,long,1,566.760009765625,564.3400268554688,-0.0042698547329707015,0.001,-0.0052698547329707015,2025,source_panel_daily_asof,yf_spy,equity_index,2,1.1587800559375332
board-b-provider-raw-daily-consensus/v1,20260511T212329+0800-codex-board-b-provider-raw-daily-consensus-v1,ProviderRawDailyConsensusV1,provider_consensus_momentum,SPY/USD,1d,ProviderRawDailyConsensusV1:provider_consensus_momentum:SPY/USD:1d:yf_spy:590,2025-05-12T13:30:00+00:00,2025-05-19T13:30:00+00:00,2025-05-12,^IXIC,Bull,0.9797225384,0.6,18.38999938964844,component_pass_from_205047_not_rescored_here,RawProviderConsensusRiskOn,CrossVenueMomentum,provider_raw_daily_consensus,ProviderRawDailyConsensusV1:provider_consensus_momentum,Bull -> RawProviderConsensusRiskOn -> CrossVenueMomentum -> ProviderRawDailyConsensusV1:provider_consensus_momentum,board-b-provider-raw-daily-consensus/v1,1d_hold_5,long_research_only_until_branch_rc_spa_passes,suppress_if_bull_raw_provider_branch_rc_spa_fails,long,1,582.989990234375,594.8499755859375,0.020343377331049073,0.001,0.019343377331049072,2025,source_panel_daily_asof,yf_spy,equity_index,2,1.1584835280008665
board-b-provider-raw-daily-consensus/v1,20260511T212329+0800-codex-board-b-provider-raw-daily-consensus-v1,ProviderRawDailyConsensusV1,provider_consensus_momentum,SPY/USD,1d,ProviderRawDailyConsensusV1:provider_consensus_momentum:SPY/USD:1d:yf_spy:596,2025-05-20T13:30:00+00:00,2025-05-28T13:30:00+00:00,2025-05-20,^IXIC,Bull,0.9797225384,0.8,18.09000015258789,component_pass_from_205047_not_rescored_here,RawProviderConsensusRiskOn,CrossVenueMomentum,provider_raw_daily_consensus,ProviderRawDailyConsensusV1:provider_consensus_momentum,Bull -> RawProviderConsensusRiskOn -> CrossVenueMomentum -> ProviderRawDailyConsensusV1:provider_consensus_momentum,board-b-provider-raw-daily-consensus/v1,1d_hold_5,long_research_only_until_branch_rc_spa_passes,suppress_if_bull_raw_provider_branch_rc_spa_fails,long,1,592.8499755859375,587.72998046875,-0.008636240748980728,0.001,-0.009636240748980729,2025,source_panel_daily_asof,yf_spy,equity_index,2,1.1583101105982232
board-b-provider-raw-daily-consensus/v1,20260511T212329+0800-codex-board-b-provider-raw-daily-consensus-v1,ProviderRawDailyConsensusV1,provider_consensus_momentum,SPY/USD,1d,ProviderRawDailyConsensusV1:provider_consensus_momentum:SPY/USD:1d:yf_spy:602,2025-05-29T13:30:00+00:00,2025-06-05T13:30:00+00:00,2025-05-29,^IXIC,Bull,0.9797225384,0.8,19.18000030517578,component_pass_from_205047_not_rescored_here,RawProviderConsensusRiskOn,CrossVenueMomentum,provider_raw_daily_consensus,ProviderRawDailyConsensusV1:provider_consensus_momentum,Bull -> RawProviderConsensusRiskOn -> CrossVenueMomentum -> ProviderRawDailyConsensusV1:provider_consensus_momentum,board-b-provider-raw-daily-consensus/v1,1d_hold_5,long_research_only_until_branch_rc_spa_passes,suppress_if_bull_raw_provider_branch_rc_spa_fails,long,1,590.0499877929688,593.0499877929688,0.005084314993753836,0.001,0.004084314993753836,2025,source_panel_daily_asof,yf_spy,equity_index,2,1.1579622735944042
board-b-provider-raw-daily-consensus/v1,20260511T212329+0800-codex-board-b-provider-raw-daily-consensus-v1,ProviderRawDailyConsensusV1,provider_consensus_momentum,SPY/USD,1d,ProviderRawDailyConsensusV1:provider_consensus_momentum:SPY/USD:1d:yf_spy:608,2025-06-06T13:30:00+00:00,2025-06-13T13:30:00+00:00,2025-06-06,^IXIC,Bull,0.9797225384,0.6,16.770000457763672,component_pass_from_205047_not_rescored_here,RawProviderConsensusRiskOn,CrossVenueMomentum,provider_raw_daily_consensus,ProviderRawDailyConsensusV1:provider_consensus_momentum,Bull -> RawProviderConsensusRiskOn -> CrossVenueMomentum -> ProviderRawDailyConsensusV1:provider_consensus_momentum,board-b-provider-raw-daily-consensus/v1,1d_hold_5,long_research_only_until_branch_rc_spa_passes,suppress_if_bull_raw_provider_branch_rc_spa_fails,long,1,599.1400146484375,597.0,-0.0035718105887039275,0.001,-0.0045718105887039276,2025,source_panel_daily_asof,yf_spy,equity_index,2,1.1576813062812326
board-b-provider-raw-daily-consensus/v1,20260511T212329+0800-codex-board-b-provider-raw-daily-consensus-v1,ProviderRawDailyConsensusV1,provider_consensus_momentum,SPY/USD,1d,ProviderRawDailyConsensusV1:provider_consensus_momentum:SPY/USD:1d:yf_spy:619,2025-06-24T13:30:00+00:00,2025-07-01T13:30:00+00:00,2025-06-24,^IXIC,Bull,0.9797225384,0.6,17.479999542236328,component_pass_from_205047_not_rescored_here,RawProviderConsensusRiskOn,CrossVenueMomentum,provider_raw_daily_consensus,ProviderRawDailyConsensusV1:provider_consensus_momentum,Bull -> RawProviderConsensusRiskOn -> CrossVenueMomentum -> ProviderRawDailyConsensusV1:provider_consensus_momentum,board-b-provider-raw-daily-consensus/v1,1d_hold_5,long_research_only_until_branch_rc_spa_passes,suppress_if_bull_raw_provider_branch_rc_spa_fails,long,1,606.780029296875,617.6500244140625,0.01791422689006983,0.001,0.016914226890069828,2025,source_panel_daily_asof,yf_spy,equity_index,2,1.1600708906876467
board-b-provider-raw-daily-consensus/v1,20260511T212329+0800-codex-board-b-provider-raw-daily-consensus-v1,ProviderRawDailyConsensusV1,provider_consensus_momentum,SPY/USD,1d,ProviderRawDailyConsensusV1:provider_consensus_momentum:SPY/USD:1d:yf_spy:625,2025-07-02T13:30:00+00:00,2025-07-10T13:30:00+00:00,2025-07-02,^IXIC,Bull,0.9797225384,0.833,16.639999389648438,component_pass_from_205047_not_rescored_here,RawProviderConsensusRiskOn,CrossVenueMomentum,provider_raw_daily_consensus,ProviderRawDailyConsensusV1:provider_consensus_momentum,Bull -> RawProviderConsensusRiskOn -> CrossVenueMomentum -> ProviderRawDailyConsensusV1:provider_consensus_momentum,board-b-provider-raw-daily-consensus/v1,1d_hold_5,long_research_only_until_branch_rc_spa_passes,suppress_if_bull_raw_provider_branch_rc_spa_fails,long,1,620.4500122070312,625.8200073242188,0.008655000421525783,0.001,0.0076550004215257825,2025,source_panel_daily_asof,yf_spy,equity_index,2,1.1597127479275153
board-b-provider-raw-daily-consensus/v1,20260511T212329+0800-codex-board-b-provider-raw-daily-consensus-v1,ProviderRawDailyConsensusV1,provider_consensus_momentum,SPY/USD,1d,ProviderRawDailyConsensusV1:provider_consensus_momentum:SPY/USD:1d:yf_spy:631,2025-07-11T13:30:00+00:00,2025-07-18T13:30:00+00:00,2025-07-11,^IXIC,Bull,0.9797225384,0.8,16.399999618530273,component_pass_from_205047_not_rescored_here,RawProviderConsensusRiskOn,CrossVenueMomentum,provider_raw_daily_consensus,ProviderRawDailyConsensusV1:provider_consensus_momentum,Bull -> RawProviderConsensusRiskOn -> CrossVenueMomentum -> ProviderRawDailyConsensusV1:provider_consensus_momentum,board-b-provider-raw-daily-consensus/v1,1d_hold_5,long_research_only_until_branch_rc_spa_passes,suppress_if_bull_raw_provider_branch_rc_spa_fails,long,1,623.6199951171875,627.5800170898438,0.006350056129794446,0.001,0.005350056129794446,2025,source_panel_daily_asof,yf_spy,equity_index,2,1.1594532330991767
board-b-provider-raw-daily-consensus/v1,20260511T212329+0800-codex-board-b-provider-raw-daily-consensus-v1,ProviderRawDailyConsensusV1,provider_consensus_momentum,SPY/USD,1d,ProviderRawDailyConsensusV1:provider_consensus_momentum:SPY/USD:1d:yf_spy:637,2025-07-21T13:30:00+00:00,2025-07-28T13:30:00+00:00,2025-07-21,^IXIC,Bull,0.9797225384,1.0,16.649999618530273,component_pass_from_205047_not_rescored_here,RawProviderConsensusRiskOn,CrossVenueMomentum,provider_raw_daily_consensus,ProviderRawDailyConsensusV1:provider_consensus_momentum,Bull -> RawProviderConsensusRiskOn -> CrossVenueMomentum -> ProviderRawDailyConsensusV1:provider_consensus_momentum,board-b-provider-raw-daily-consensus/v1,1d_hold_5,long_research_only_until_branch_rc_spa_passes,suppress_if_bull_raw_provider_branch_rc_spa_fails,long,1,628.77001953125,636.9400024414062,0.012993594885848614,0.001,0.011993594885848613,2025,source_panel_daily_asof,yf_spy,equity_index,2,1.1591873814073275
board-b-provider-raw-daily-consensus/v1,20260511T212329+0800-codex-board-b-provider-raw-daily-consensus-v1,ProviderRawDailyConsensusV1,provider_consensus_momentum,SPY/USD,1d,ProviderRawDailyConsensusV1:provider_consensus_momentum:SPY/USD:1d:yf_spy:643,2025-07-29T13:30:00+00:00,2025-08-05T13:30:00+00:00,2025-07-29,^IXIC,Bull,0.9797225384,0.8,15.979999542236328,component_pass_from_205047_not_rescored_here,RawProviderConsensusRiskOn,CrossVenueMomentum,provider_raw_daily_consensus,ProviderRawDailyConsensusV1:provider_consensus_momentum,Bull -> RawProviderConsensusRiskOn -> CrossVenueMomentum -> ProviderRawDailyConsensusV1:provider_consensus_momentum,board-b-provider-raw-daily-consensus/v1,1d_hold_5,long_research_only_until_branch_rc_spa_passes,suppress_if_bull_raw_provider_branch_rc_spa_fails,long,1,635.260009765625,627.969970703125,-0.011475677597255984,0.001,-0.012475677597255985,2025,source_panel_daily_asof,yf_spy,equity_index,2,1.1590338586843185
board-b-provider-raw-daily-consensus/v1,20260511T212329+0800-codex-board-b-provider-raw-daily-consensus-v1,ProviderRawDailyConsensusV1,provider_consensus_momentum,SPY/USD,1d,ProviderRawDailyConsensusV1:provider_consensus_momentum:SPY/USD:1d:yf_spy:649,2025-08-06T13:30:00+00:00,2025-08-13T13:30:00+00:00,2025-08-06,^IXIC,Bull,0.9797225384,0.6,16.770000457763672,component_pass_from_205047_not_rescored_here,RawProviderConsensusRiskOn,CrossVenueMomentum,provider_raw_daily_consensus,ProviderRawDailyConsensusV1:provider_consensus_momentum,Bull -> RawProviderConsensusRiskOn -> CrossVenueMomentum -> ProviderRawDailyConsensusV1:provider_consensus_momentum,board-b-provider-raw-daily-consensus/v1,1d_hold_5,long_research_only_until_branch_rc_spa_passes,suppress_if_bull_raw_provider_branch_rc_spa_fails,long,1,632.780029296875,644.8900146484375,0.019137748966285617,0.001,0.018137748966285616,2025,source_panel_daily_asof,yf_spy,equity_index,2,1.1586698143721104
board-b-provider-raw-daily-consensus/v1,20260511T212329+0800-codex-board-b-provider-raw-daily-consensus-v1,ProviderRawDailyConsensusV1,provider_consensus_momentum,SPY/USD,1d,ProviderRawDailyConsensusV1:provider_consensus_momentum:SPY/USD:1d:yf_spy:655,2025-08-14T13:30:00+00:00,2025-08-21T13:30:00+00:00,2025-08-14,^IXIC,Bull,0.9797225384,0.6,14.829999923706056,component_pass_from_205047_not_rescored_here,RawProviderConsensusRiskOn,CrossVenueMomentum,provider_raw_daily_consensus,ProviderRawDailyConsensusV1:provider_consensus_momentum,Bull -> RawProviderConsensusRiskOn -> CrossVenueMomentum -> ProviderRawDailyConsensusV1:provider_consensus_momentum,board-b-provider-raw-daily-consensus/v1,1d_hold_5,long_research_only_until_branch_rc_spa_passes,suppress_if_bull_raw_provider_branch_rc_spa_fails,long,1,644.9500122070312,635.5499877929688,-0.014574810816570749,0.001,-0.01557481081657075,2025,source_panel_daily_asof,yf_spy,equity_index,2,1.158561276180774
board-b-provider-raw-daily-consensus/v1,20260511T212329+0800-codex-board-b-provider-raw-daily-consensus-v1,ProviderRawDailyConsensusV1,provider_consensus_momentum,SPY/USD,1d,ProviderRawDailyConsensusV1:provider_consensus_momentum:SPY/USD:1d:yf_spy:661,2025-08-22T13:30:00+00:00,2025-08-29T13:30:00+00:00,2025-08-22,^IXIC,Bull,0.9797225384,0.6,14.220000267028809,component_pass_from_205047_not_rescored_here,RawProviderConsensusRiskOn,CrossVenueMomentum,provider_raw_daily_consensus,ProviderRawDailyConsensusV1:provider_consensus_momentum,Bull -> RawProviderConsensusRiskOn -> CrossVenueMomentum -> ProviderRawDailyConsensusV1:provider_consensus_momentum,board-b-provider-raw-daily-consensus/v1,1d_hold_5,long_research_only_until_branch_rc_spa_passes,suppress_if_bull_raw_provider_branch_rc_spa_fails,long,1,645.3099975585938,645.0499877929688,-0.00040292226466143166,0.001,-0.0014029222646614317,2025,source_panel_daily_asof,yf_spy,equity_index,2,1.1581713460503416
board-b-provider-raw-daily-consensus/v1,20260511T212329+0800-codex-board-b-provider-raw-daily-consensus-v1,ProviderRawDailyConsensusV1,provider_consensus_momentum,SPY/USD,1d,ProviderRawDailyConsensusV1:provider_consensus_momentum:SPY/USD:1d:yf_spy:667,2025-09-02T13:30:00+00:00,2025-09-09T13:30:00+00:00,2025-09-02,^IXIC,Bull,0.9797225384,0.6,17.170000076293945,component_pass_from_205047_not_rescored_here,RawProviderConsensusRiskOn,CrossVenueMomentum,provider_raw_daily_consensus,ProviderRawDailyConsensusV1:provider_consensus_momentum,Bull -> RawProviderConsensusRiskOn -> CrossVenueMomentum -> ProviderRawDailyConsensusV1:provider_consensus_momentum,board-b-provider-raw-daily-consensus/v1,1d_hold_5,long_research_only_until_branch_rc_spa_passes,suppress_if_bull_raw_provider_branch_rc_spa_fails,long,1,640.27001953125,650.3300170898438,0.015712117156381655,0.001,0.014712117156381654,2025,source_panel_daily_asof,yf_spy,equity_index,2,1.1579135291993432
board-b-provider-raw-daily-consensus/v1,20260511T212329+0800-codex-board-b-provider-raw-daily-consensus-v1,ProviderRawDailyConsensusV1,provider_consensus_momentum,SPY/USD,1d,ProviderRawDailyConsensusV1:provider_consensus_momentum:SPY/USD:1d:yf_spy:673,2025-09-10T13:30:00+00:00,2025-09-17T13:30:00+00:00,2025-09-10,^IXIC,Bull,0.9797225384,0.6,15.350000381469728,component_pass_from_205047_not_rescored_here,RawProviderConsensusRiskOn,CrossVenueMomentum,provider_raw_daily_consensus,ProviderRawDailyConsensusV1:provider_consensus_momentum,Bull -> RawProviderConsensusRiskOn -> CrossVenueMomentum -> ProviderRawDailyConsensusV1:provider_consensus_momentum,board-b-provider-raw-daily-consensus/v1,1d_hold_5,long_research_only_until_branch_rc_spa_passes,suppress_if_bull_raw_provider_branch_rc_spa_fails,long,1,652.2100219726562,659.1799926757812,0.010686696720856537,0.001,0.009686696720856536,2025,source_panel_daily_asof,yf_spy,equity_index,2,1.1577148455361255
board-b-provider-raw-daily-consensus/v1,20260511T212329+0800-codex-board-b-provider-raw-daily-consensus-v1,ProviderRawDailyConsensusV1,provider_consensus_momentum,SPY/USD,1d,ProviderRawDailyConsensusV1:provider_consensus_momentum:SPY/USD:1d:yf_spy:679,2025-09-18T13:30:00+00:00,2025-09-25T13:30:00+00:00,2025-09-18,^IXIC,Bull,0.9797225384,1.0,15.699999809265137,component_pass_from_205047_not_rescored_here,RawProviderConsensusRiskOn,CrossVenueMomentum,provider_raw_daily_consensus,ProviderRawDailyConsensusV1:provider_consensus_momentum,Bull -> RawProviderConsensusRiskOn -> CrossVenueMomentum -> ProviderRawDailyConsensusV1:provider_consensus_momentum,board-b-provider-raw-daily-consensus/v1,1d_hold_5,long_research_only_until_branch_rc_spa_passes,suppress_if_bull_raw_provider_branch_rc_spa_fails,long,1,662.260009765625,658.0499877929688,-0.0063570529861015634,0.001,-0.0073570529861015635,2025,source_panel_daily_asof,yf_spy,equity_index,2,1.1575207526405373
board-b-provider-raw-daily-consensus/v1,20260511T212329+0800-codex-board-b-provider-raw-daily-consensus-v1,ProviderRawDailyConsensusV1,provider_consensus_momentum,SPY/USD,1d,ProviderRawDailyConsensusV1:provider_consensus_momentum:SPY/USD:1d:yf_spy:685,2025-09-26T13:30:00+00:00,2025-10-03T13:30:00+00:00,2025-09-26,^IXIC,Bull,0.9797225384,0.8,15.289999961853027,component_pass_from_205047_not_rescored_here,RawProviderConsensusRiskOn,CrossVenueMomentum,provider_raw_daily_consensus,ProviderRawDailyConsensusV1:provider_consensus_momentum,Bull -> RawProviderConsensusRiskOn -> CrossVenueMomentum -> ProviderRawDailyConsensusV1:provider_consensus_momentum,board-b-provider-raw-daily-consensus/v1,1d_hold_5,long_research_only_until_branch_rc_spa_passes,suppress_if_bull_raw_provider_branch_rc_spa_fails,long,1,661.8200073242188,669.2100219726562,0.01116620012488867,0.001,0.010166200124888669,2025,source_panel_daily_asof,yf_spy,equity_index,2,1.159819942830549
board-b-provider-raw-daily-consensus/v1,20260511T212329+0800-codex-board-b-provider-raw-daily-consensus-v1,ProviderRawDailyConsensusV1,provider_consensus_momentum,SPY/USD,1d,ProviderRawDailyConsensusV1:provider_consensus_momentum:SPY/USD:1d:yf_spy:691,2025-10-06T13:30:00+00:00,2025-10-13T13:30:00+00:00,2025-10-06,^IXIC,Bull,0.9797225384,0.833,16.3700008392334,component_pass_from_205047_not_rescored_here,RawProviderConsensusRiskOn,CrossVenueMomentum,provider_raw_daily_consensus,ProviderRawDailyConsensusV1:provider_consensus_momentum,Bull -> RawProviderConsensusRiskOn -> CrossVenueMomentum -> ProviderRawDailyConsensusV1:provider_consensus_momentum,board-b-provider-raw-daily-consensus/v1,1d_hold_5,long_research_only_until_branch_rc_spa_passes,suppress_if_bull_raw_provider_branch_rc_spa_fails,long,1,671.6099853515625,663.0399780273438,-0.012760392952961608,0.001,-0.013760392952961609,2025,source_panel_daily_asof,yf_spy,equity_index,2,1.1595877931677725
board-b-provider-raw-daily-consensus/v1,20260511T212329+0800-codex-board-b-provider-raw-daily-consensus-v1,ProviderRawDailyConsensusV1,provider_consensus_momentum,SPY/USD,1d,ProviderRawDailyConsensusV1:provider_consensus_momentum:SPY/USD:1d:yf_spy:697,2025-10-14T13:30:00+00:00,2025-10-21T13:30:00+00:00,2025-10-14,^IXIC,Bull,0.9797225384,0.6,20.809999465942383,component_pass_from_205047_not_rescored_here,RawProviderConsensusRiskOn,CrossVenueMomentum,provider_raw_daily_consensus,ProviderRawDailyConsensusV1:provider_consensus_momentum,Bull -> RawProviderConsensusRiskOn -> CrossVenueMomentum -> ProviderRawDailyConsensusV1:provider_consensus_momentum,board-b-provider-raw-daily-consensus/v1,1d_hold_5,long_research_only_until_branch_rc_spa_passes,suppress_if_bull_raw_provider_branch_rc_spa_fails,long,1,662.22998046875,671.2899780273438,0.013681044087102023,0.001,0.012681044087102022,2025,source_panel_daily_asof,yf_spy,equity_index,2,1.1593301682960038
board-b-provider-raw-daily-consensus/v1,20260511T212329+0800-codex-board-b-provider-raw-daily-consensus-v1,ProviderRawDailyConsensusV1,provider_consensus_momentum,SPY/USD,1d,ProviderRawDailyConsensusV1:provider_consensus_momentum:SPY/USD:1d:yf_spy:703,2025-10-22T13:30:00+00:00,2025-10-29T13:30:00+00:00,2025-10-22,^IXIC,Bull,0.9797225384,0.6,18.600000381469727,component_pass_from_205047_not_rescored_here,RawProviderConsensusRiskOn,CrossVenueMomentum,provider_raw_daily_consensus,ProviderRawDailyConsensusV1:provider_consensus_momentum,Bull -> RawProviderConsensusRiskOn -> CrossVenueMomentum -> ProviderRawDailyConsensusV1:provider_consensus_momentum,board-b-provider-raw-daily-consensus/v1,1d_hold_5,long_research_only_until_branch_rc_spa_passes,suppress_if_bull_raw_provider_branch_rc_spa_fails,long,1,667.7999877929688,687.3900146484375,0.02933517102959593,0.001,0.02833517102959593,2025,source_panel_daily_asof,yf_spy,equity_index,2,1.159132587533452
board-b-provider-raw-daily-consensus/v1,20260511T212329+0800-codex-board-b-provider-raw-daily-consensus-v1,ProviderRawDailyConsensusV1,provider_consensus_momentum,SPY/USD,1d,ProviderRawDailyConsensusV1:provider_consensus_momentum:SPY/USD:1d:yf_spy:709,2025-10-30T13:30:00+00:00,2025-11-06T14:30:00+00:00,2025-10-30,^IXIC,Bull,0.9797225384,0.8,16.90999984741211,component_pass_from_205047_not_rescored_here,RawProviderConsensusRiskOn,CrossVenueMomentum,provider_raw_daily_consensus,ProviderRawDailyConsensusV1:provider_consensus_momentum,Bull -> RawProviderConsensusRiskOn -> CrossVenueMomentum -> ProviderRawDailyConsensusV1:provider_consensus_momentum,board-b-provider-raw-daily-consensus/v1,1d_hold_5,long_research_only_until_branch_rc_spa_passes,suppress_if_bull_raw_provider_branch_rc_spa_fails,long,1,679.8300170898438,670.3099975585938,-0.014003529252801239,0.001,-0.01500352925280124,2025,source_panel_daily_asof,yf_spy,equity_index,2,1.1590356662235397
board-b-provider-raw-daily-consensus/v1,20260511T212329+0800-codex-board-b-provider-raw-daily-consensus-v1,ProviderRawDailyConsensusV1,provider_consensus_momentum,SPY/USD,1d,ProviderRawDailyConsensusV1:provider_consensus_momentum:SPY/USD:1d:yf_spy:715,2025-11-07T14:30:00+00:00,2025-11-14T14:30:00+00:00,2025-11-07,^IXIC,Bull,0.9797225384,0.6,19.079999923706055,component_pass_from_205047_not_rescored_here,RawProviderConsensusRiskOn,CrossVenueMomentum,provider_raw_daily_consensus,ProviderRawDailyConsensusV1:provider_consensus_momentum,Bull -> RawProviderConsensusRiskOn -> CrossVenueMomentum -> ProviderRawDailyConsensusV1:provider_consensus_momentum,board-b-provider-raw-daily-consensus/v1,1d_hold_5,long_research_only_until_branch_rc_spa_passes,suppress_if_bull_raw_provider_branch_rc_spa_fails,long,1,670.969970703125,671.9299926757812,0.0014307972257687762,0.001,0.0004307972257687762,2025,source_panel_daily_asof,yf_spy,equity_index,2,1.158609354737618
board-b-provider-raw-daily-consensus/v1,20260511T212329+0800-codex-board-b-provider-raw-daily-consensus-v1,ProviderRawDailyConsensusV1,provider_consensus_momentum,SPY/USD,1d,ProviderRawDailyConsensusV1:provider_consensus_momentum:SPY/USD:1d:yf_spy:732,2025-12-03T14:30:00+00:00,2025-12-10T14:30:00+00:00,2025-12-03,^IXIC,Bull,0.9797225384,0.6,16.079999923706055,component_pass_from_205047_not_rescored_here,RawProviderConsensusRiskOn,CrossVenueMomentum,provider_raw_daily_consensus,ProviderRawDailyConsensusV1:provider_consensus_momentum,Bull -> RawProviderConsensusRiskOn -> CrossVenueMomentum -> ProviderRawDailyConsensusV1:provider_consensus_momentum,board-b-provider-raw-daily-consensus/v1,1d_hold_5,long_research_only_until_branch_rc_spa_passes,suppress_if_bull_raw_provider_branch_rc_spa_fails,long,1,683.8900146484375,687.5700073242188,0.005380971496817377,0.001,0.004380971496817377,2025,source_panel_daily_asof,yf_spy,equity_index,2,1.1578709620940437
board-b-provider-raw-daily-consensus/v1,20260511T212329+0800-codex-board-b-provider-raw-daily-consensus-v1,ProviderRawDailyConsensusV1,provider_consensus_momentum,SPY/USD,1d,ProviderRawDailyConsensusV1:provider_consensus_momentum:SPY/USD:1d:yf_spy:738,2025-12-11T14:30:00+00:00,2025-12-18T14:30:00+00:00,2025-12-11,^IXIC,Bull,0.9797225384,0.8,14.850000381469728,component_pass_from_205047_not_rescored_here,RawProviderConsensusRiskOn,CrossVenueMomentum,provider_raw_daily_consensus,ProviderRawDailyConsensusV1:provider_consensus_momentum,Bull -> RawProviderConsensusRiskOn -> CrossVenueMomentum -> ProviderRawDailyConsensusV1:provider_consensus_momentum,board-b-provider-raw-daily-consensus/v1,1d_hold_5,long_research_only_until_branch_rc_spa_passes,suppress_if_bull_raw_provider_branch_rc_spa_fails,long,1,689.1699829101562,676.469970703125,-0.018427982242353202,0.001,-0.019427982242353203,2025,source_panel_daily_asof,yf_spy,equity_index,2,1.1576101784620862
board-b-provider-raw-daily-consensus/v1,20260511T212329+0800-codex-board-b-provider-raw-daily-consensus-v1,ProviderRawDailyConsensusV1,provider_consensus_momentum,SPY/USD,1d,ProviderRawDailyConsensusV1:provider_consensus_momentum:SPY/USD:1d:yf_spy:744,2025-12-19T14:30:00+00:00,2025-12-29T14:30:00+00:00,2025-12-19,^IXIC,Bull,0.9797225384,0.833,14.90999984741211,component_pass_from_205047_not_rescored_here,RawProviderConsensusRiskOn,CrossVenueMomentum,provider_raw_daily_consensus,ProviderRawDailyConsensusV1:provider_consensus_momentum,Bull -> RawProviderConsensusRiskOn -> CrossVenueMomentum -> ProviderRawDailyConsensusV1:provider_consensus_momentum,board-b-provider-raw-daily-consensus/v1,1d_hold_5,long_research_only_until_branch_rc_spa_passes,suppress_if_bull_raw_provider_branch_rc_spa_fails,long,1,680.5900268554688,687.8499755859375,0.010667139458407693,0.001,0.009667139458407692,2025,source_panel_daily_asof,yf_spy,equity_index,2,1.156761936439206
board-b-provider-raw-daily-consensus/v1,20260511T212329+0800-codex-board-b-provider-raw-daily-consensus-v1,ProviderRawDailyConsensusV1,provider_pullback_reclaim,SPY/USD,1d,ProviderRawDailyConsensusV1:provider_pullback_reclaim:SPY/USD:1d:yf_spy:461,2024-11-01T13:30:00+00:00,2024-11-07T14:30:00+00:00,2024-11-01,^IXIC,Bull,0.9797225384,0.6,21.8799991607666,component_pass_from_205047_not_rescored_here,RawProviderConsensusRiskOn,CrossVenueMomentum,provider_raw_daily_consensus,ProviderRawDailyConsensusV1:provider_pullback_reclaim,Bull -> RawProviderConsensusRiskOn -> CrossVenueMomentum -> ProviderRawDailyConsensusV1:provider_pullback_reclaim,board-b-provider-raw-daily-consensus/v1,1d_hold_4,long_research_only_until_branch_rc_spa_passes,suppress_if_bull_raw_provider_branch_rc_spa_fails,long,1,571.0399780273438,595.6099853515625,0.04302677267727528,0.001,0.04202677267727528,2024,source_panel_daily_asof,yf_spy,equity_index,2,1.1590277565759017
board-b-provider-raw-daily-consensus/v1,20260511T212329+0800-codex-board-b-provider-raw-daily-consensus-v1,ProviderRawDailyConsensusV1,provider_pullback_reclaim,SPY/USD,1d,ProviderRawDailyConsensusV1:provider_pullback_reclaim:SPY/USD:1d:yf_spy:495,2024-12-20T14:30:00+00:00,2024-12-27T14:30:00+00:00,2024-12-20,^IXIC,Bull,0.9797225384,0.6,18.36000061035156,component_pass_from_205047_not_rescored_here,RawProviderConsensusRiskOn,CrossVenueMomentum,provider_raw_daily_consensus,ProviderRawDailyConsensusV1:provider_pullback_reclaim,Bull -> RawProviderConsensusRiskOn -> CrossVenueMomentum -> ProviderRawDailyConsensusV1:provider_pullback_reclaim,board-b-provider-raw-daily-consensus/v1,1d_hold_4,long_research_only_until_branch_rc_spa_passes,suppress_if_bull_raw_provider_branch_rc_spa_fails,long,1,591.1500244140625,595.010009765625,0.006529620556792626,0.001,0.005529620556792626,2024,source_panel_daily_asof,yf_spy,equity_index,2,1.1542356075494526
board-b-provider-raw-daily-consensus/v1,20260511T212329+0800-codex-board-b-provider-raw-daily-consensus-v1,ProviderRawDailyConsensusV1,provider_breakdown_short,SPY/USD,1d,ProviderRawDailyConsensusV1:provider_breakdown_short:SPY/USD:1d:yf_spy:46,2023-03-10T14:30:00+00:00,2023-03-17T13:30:00+00:00,2023-03-10,^IXIC,Bear,0.963920242,0.5,24.799999237060547,component_pass_from_205047_not_rescored_here,RawProviderRiskOff,DefensiveOrBreakdown,provider_raw_daily_consensus,ProviderRawDailyConsensusV1:provider_breakdown_short,Bear -> RawProviderRiskOff -> DefensiveOrBreakdown -> ProviderRawDailyConsensusV1:provider_breakdown_short,board-b-provider-raw-daily-consensus/v1,1d_hold_5,short_or_defensive_research_only_until_branch_rc_spa_passes,suppress_if_bear_raw_provider_branch_rc_spa_fails,short,-1,385.9100036621094,389.989990234375,-0.010572378361660473,0.001,-0.011572378361660474,2023,source_panel_daily_asof,yf_spy,equity_index,2,1.1573047202609976
board-b-provider-raw-daily-consensus/v1,20260511T212329+0800-codex-board-b-provider-raw-daily-consensus-v1,ProviderRawDailyConsensusV1,provider_breakdown_short,SPY/USD,1d,ProviderRawDailyConsensusV1:provider_breakdown_short:SPY/USD:1d:yf_spy:154,2023-08-15T13:30:00+00:00,2023-08-22T13:30:00+00:00,2023-08-15,^IXIC,Bear,0.963920242,0.5,16.459999084472656,component_pass_from_205047_not_rescored_here,RawProviderRiskOff,DefensiveOrBreakdown,provider_raw_daily_consensus,ProviderRawDailyConsensusV1:provider_breakdown_short,Bear -> RawProviderRiskOff -> DefensiveOrBreakdown -> ProviderRawDailyConsensusV1:provider_breakdown_short,board-b-provider-raw-daily-consensus/v1,1d_hold_5,short_or_defensive_research_only_until_branch_rc_spa_passes,suppress_if_bear_raw_provider_branch_rc_spa_fails,short,-1,442.8900146484375,438.1499938964844,0.010702478256855108,0.001,0.009702478256855107,2023,source_panel_daily_asof,yf_spy,equity_index,2,1.1584017865391198
board-b-provider-raw-daily-consensus/v1,20260511T212329+0800-codex-board-b-provider-raw-daily-consensus-v1,ProviderRawDailyConsensusV1,provider_breakdown_short,SPY/USD,1d,ProviderRawDailyConsensusV1:provider_breakdown_short:SPY/USD:1d:yf_spy:162,2023-08-25T13:30:00+00:00,2023-09-01T13:30:00+00:00,2023-08-25,^IXIC,Bear,0.963920242,0.5,15.68000030517578,component_pass_from_205047_not_rescored_here,RawProviderRiskOff,DefensiveOrBreakdown,provider_raw_daily_consensus,ProviderRawDailyConsensusV1:provider_breakdown_short,Bear -> RawProviderRiskOff -> DefensiveOrBreakdown -> ProviderRawDailyConsensusV1:provider_breakdown_short,board-b-provider-raw-daily-consensus/v1,1d_hold_5,short_or_defensive_research_only_until_branch_rc_spa_passes,suppress_if_bear_raw_provider_branch_rc_spa_fails,short,-1,439.9700012207031,451.19000244140625,-0.025501741458674676,0.001,-0.026501741458674677,2023,source_panel_daily_asof,yf_spy,equity_index,2,1.157854541724193
board-b-provider-raw-daily-consensus/v1,20260511T212329+0800-codex-board-b-provider-raw-daily-consensus-v1,ProviderRawDailyConsensusV1,provider_breakdown_short,SPY/USD,1d,ProviderRawDailyConsensusV1:provider_breakdown_short:SPY/USD:1d:yf_spy:184,2023-09-27T13:30:00+00:00,2023-10-04T13:30:00+00:00,2023-09-27,^IXIC,Bear,0.963920242,0.667,18.219999313354492,component_pass_from_205047_not_rescored_here,RawProviderRiskOff,DefensiveOrBreakdown,provider_raw_daily_consensus,ProviderRawDailyConsensusV1:provider_breakdown_short,Bear -> RawProviderRiskOff -> DefensiveOrBreakdown -> ProviderRawDailyConsensusV1:provider_breakdown_short,board-b-provider-raw-daily-consensus/v1,1d_hold_5,short_or_defensive_research_only_until_branch_rc_spa_passes,suppress_if_bear_raw_provider_branch_rc_spa_fails,short,-1,426.0499877929687,424.6600036621094,0.003262490718658917,0.001,0.002262490718658917,2023,source_panel_daily_asof,yf_spy,equity_index,2,1.1599591827220508
board-b-provider-raw-daily-consensus/v1,20260511T212329+0800-codex-board-b-provider-raw-daily-consensus-v1,ProviderRawDailyConsensusV1,provider_breakdown_short,SPY/USD,1d,ProviderRawDailyConsensusV1:provider_breakdown_short:SPY/USD:1d:yf_spy:325,2024-04-19T13:30:00+00:00,2024-04-26T13:30:00+00:00,2024-04-19,^IXIC,Bear,0.963920242,0.6,18.709999084472656,component_pass_from_205047_not_rescored_here,RawProviderRiskOff,DefensiveOrBreakdown,provider_raw_daily_consensus,ProviderRawDailyConsensusV1:provider_breakdown_short,Bear -> RawProviderRiskOff -> DefensiveOrBreakdown -> ProviderRawDailyConsensusV1:provider_breakdown_short,board-b-provider-raw-daily-consensus/v1,1d_hold_5,short_or_defensive_research_only_until_branch_rc_spa_passes,suppress_if_bear_raw_provider_branch_rc_spa_fails,short,-1,495.1600036621094,508.260009765625,-0.026456107130282014,0.001,-0.027456107130282015,2024,source_panel_daily_asof,yf_spy,equity_index,2,1.1595223627508744
board-b-provider-raw-daily-consensus/v1,20260511T212329+0800-codex-board-b-provider-raw-daily-consensus-v1,ProviderRawDailyConsensusV1,provider_breakdown_short,SPY/USD,1d,ProviderRawDailyConsensusV1:provider_breakdown_short:SPY/USD:1d:yf_spy:397,2024-08-02T13:30:00+00:00,2024-08-09T13:30:00+00:00,2024-08-02,^IXIC,Bear,0.963920242,0.667,23.38999938964844,component_pass_from_205047_not_rescored_here,RawProviderRiskOff,DefensiveOrBreakdown,provider_raw_daily_consensus,ProviderRawDailyConsensusV1:provider_breakdown_short,Bear -> RawProviderRiskOff -> DefensiveOrBreakdown -> ProviderRawDailyConsensusV1:provider_breakdown_short,board-b-provider-raw-daily-consensus/v1,1d_hold_5,short_or_defensive_research_only_until_branch_rc_spa_passes,suppress_if_bear_raw_provider_branch_rc_spa_fails,short,-1,532.9000244140625,532.989990234375,-0.00016882307410548414,0.001,-0.0011688230741054842,2024,source_panel_daily_asof,yf_spy,equity_index,2,1.159129049586791
board-b-provider-raw-daily-consensus/v1,20260511T212329+0800-codex-board-b-provider-raw-daily-consensus-v1,ProviderRawDailyConsensusV1,provider_breakdown_short,SPY/USD,1d,ProviderRawDailyConsensusV1:provider_breakdown_short:SPY/USD:1d:yf_spy:403,2024-08-12T13:30:00+00:00,2024-08-19T13:30:00+00:00,2024-08-12,^IXIC,Bear,0.963920242,0.5,20.709999084472656,component_pass_from_205047_not_rescored_here,RawProviderRiskOff,DefensiveOrBreakdown,provider_raw_daily_consensus,ProviderRawDailyConsensusV1:provider_breakdown_short,Bear -> RawProviderRiskOff -> DefensiveOrBreakdown -> ProviderRawDailyConsensusV1:provider_breakdown_short,board-b-provider-raw-daily-consensus/v1,1d_hold_5,short_or_defensive_research_only_until_branch_rc_spa_passes,suppress_if_bear_raw_provider_branch_rc_spa_fails,short,-1,533.27001953125,559.6099853515625,-0.04939329955857197,0.001,-0.05039329955857197,2024,source_panel_daily_asof,yf_spy,equity_index,2,1.158697676764445
board-b-provider-raw-daily-consensus/v1,20260511T212329+0800-codex-board-b-provider-raw-daily-consensus-v1,ProviderRawDailyConsensusV1,provider_breakdown_short,SPY/USD,1d,ProviderRawDailyConsensusV1:provider_breakdown_short:SPY/USD:1d:yf_spy:539,2025-02-27T14:30:00+00:00,2025-03-06T14:30:00+00:00,2025-02-27,^IXIC,Bear,0.963920242,0.6,21.1299991607666,component_pass_from_205047_not_rescored_here,RawProviderRiskOff,DefensiveOrBreakdown,provider_raw_daily_consensus,ProviderRawDailyConsensusV1:provider_breakdown_short,Bear -> RawProviderRiskOff -> DefensiveOrBreakdown -> ProviderRawDailyConsensusV1:provider_breakdown_short,board-b-provider-raw-daily-consensus/v1,1d_hold_5,short_or_defensive_research_only_until_branch_rc_spa_passes,suppress_if_bear_raw_provider_branch_rc_spa_fails,short,-1,585.0499877929688,572.7100219726562,0.021092156358918257,0.001,0.020092156358918256,2025,source_panel_daily_asof,yf_spy,equity_index,2,1.1581085590560625
board-b-provider-raw-daily-consensus/v1,20260511T212329+0800-codex-board-b-provider-raw-daily-consensus-v1,ProviderRawDailyConsensusV1,provider_breakdown_short,SPY/USD,1d,ProviderRawDailyConsensusV1:provider_breakdown_short:SPY/USD:1d:yf_spy:545,2025-03-07T14:30:00+00:00,2025-03-14T13:30:00+00:00,2025-03-07,^IXIC,Bear,0.963920242,0.6,23.3700008392334,component_pass_from_205047_not_rescored_here,RawProviderRiskOff,DefensiveOrBreakdown,provider_raw_daily_consensus,ProviderRawDailyConsensusV1:provider_breakdown_short,Bear -> RawProviderRiskOff -> DefensiveOrBreakdown -> ProviderRawDailyConsensusV1:provider_breakdown_short,board-b-provider-raw-daily-consensus/v1,1d_hold_5,short_or_defensive_research_only_until_branch_rc_spa_passes,suppress_if_bear_raw_provider_branch_rc_spa_fails,short,-1,575.9199829101562,562.8099975585938,0.02276355351539805,0.001,0.02176355351539805,2025,source_panel_daily_asof,yf_spy,equity_index,2,1.157763905304188
board-b-provider-raw-daily-consensus/v1,20260511T212329+0800-codex-board-b-provider-raw-daily-consensus-v1,ProviderRawDailyConsensusV1,provider_breakdown_short,SPY/USD,1d,ProviderRawDailyConsensusV1:provider_breakdown_short:SPY/USD:1d:yf_spy:551,2025-03-17T13:30:00+00:00,2025-03-24T13:30:00+00:00,2025-03-17,^IXIC,Bear,0.963920242,0.5,20.510000228881836,component_pass_from_205047_not_rescored_here,RawProviderRiskOff,DefensiveOrBreakdown,provider_raw_daily_consensus,ProviderRawDailyConsensusV1:provider_breakdown_short,Bear -> RawProviderRiskOff -> DefensiveOrBreakdown -> ProviderRawDailyConsensusV1:provider_breakdown_short,board-b-provider-raw-daily-consensus/v1,1d_hold_5,short_or_defensive_research_only_until_branch_rc_spa_passes,suppress_if_bear_raw_provider_branch_rc_spa_fails,short,-1,567.1500244140625,574.0800170898438,-0.012218976245202073,0.001,-0.013218976245202074,2025,source_panel_daily_asof,yf_spy,equity_index,2,1.1574439451588285
board-b-provider-raw-daily-consensus/v1,20260511T212329+0800-codex-board-b-provider-raw-daily-consensus-v1,ProviderRawDailyConsensusV1,provider_breakdown_short,SPY/USD,1d,ProviderRawDailyConsensusV1:provider_breakdown_short:SPY/USD:1d:yf_spy:560,2025-03-28T13:30:00+00:00,2025-04-04T13:30:00+00:00,2025-03-28,^IXIC,Bear,0.963920242,0.5,21.649999618530273,component_pass_from_205047_not_rescored_here,RawProviderRiskOff,DefensiveOrBreakdown,provider_raw_daily_consensus,ProviderRawDailyConsensusV1:provider_breakdown_short,Bear -> RawProviderRiskOff -> DefensiveOrBreakdown -> ProviderRawDailyConsensusV1:provider_breakdown_short,board-b-provider-raw-daily-consensus/v1,1d_hold_5,short_or_defensive_research_only_until_branch_rc_spa_passes,suppress_if_bear_raw_provider_branch_rc_spa_fails,short,-1,555.6599731445312,505.2799987792969,0.09066691286062845,0.001,0.08966691286062844,2025,source_panel_daily_asof,yf_spy,equity_index,2,1.159847122561087
board-b-provider-raw-daily-consensus/v1,20260511T212329+0800-codex-board-b-provider-raw-daily-consensus-v1,ProviderRawDailyConsensusV1,provider_breakdown_short,SPY/USD,1d,ProviderRawDailyConsensusV1:provider_breakdown_short:SPY/USD:1d:yf_spy:566,2025-04-07T13:30:00+00:00,2025-04-14T13:30:00+00:00,2025-04-07,^IXIC,Bear,0.963920242,0.444,46.97999954223633,component_pass_from_205047_not_rescored_here,RawProviderRiskOff,DefensiveOrBreakdown,provider_raw_daily_consensus,ProviderRawDailyConsensusV1:provider_breakdown_short,Bear -> RawProviderRiskOff -> DefensiveOrBreakdown -> ProviderRawDailyConsensusV1:provider_breakdown_short,board-b-provider-raw-daily-consensus/v1,1d_hold_5,short_or_defensive_research_only_until_branch_rc_spa_passes,suppress_if_bear_raw_provider_branch_rc_spa_fails,short,-1,504.3800048828125,539.1199951171875,-0.06887662059967359,0.001,-0.06987662059967359,2025,source_panel_daily_asof,yf_spy,equity_index,2,1.1595373188963523
board-b-provider-raw-daily-consensus/v1,20260511T212329+0800-codex-board-b-provider-raw-daily-consensus-v1,ProviderRawDailyConsensusV1,provider_breakdown_short,SPY/USD,1d,ProviderRawDailyConsensusV1:provider_breakdown_short:SPY/USD:1d:yf_spy:572,2025-04-15T13:30:00+00:00,2025-04-23T13:30:00+00:00,2025-04-15,^IXIC,Bear,0.963920242,0.333,30.1200008392334,component_pass_from_205047_not_rescored_here,RawProviderRiskOff,DefensiveOrBreakdown,provider_raw_daily_consensus,ProviderRawDailyConsensusV1:provider_breakdown_short,Bear -> RawProviderRiskOff -> DefensiveOrBreakdown -> ProviderRawDailyConsensusV1:provider_breakdown_short,board-b-provider-raw-daily-consensus/v1,1d_hold_5,short_or_defensive_research_only_until_branch_rc_spa_passes,suppress_if_bear_raw_provider_branch_rc_spa_fails,short,-1,537.6099853515625,535.4199829101562,0.0040735895929725485,0.001,0.0030735895929725485,2025,source_panel_daily_asof,yf_spy,equity_index,2,1.1593315053291173
board-b-provider-raw-daily-consensus/v1,20260511T212329+0800-codex-board-b-provider-raw-daily-consensus-v1,ProviderRawDailyConsensusV1,dispersion_reversion,SPY/USD,1d,ProviderRawDailyConsensusV1:dispersion_reversion:SPY/USD:1d:yf_spy:33,2023-02-21T14:30:00+00:00,2023-02-24T14:30:00+00:00,2023-02-21,^IXIC,Sideways,0.9529358324,0.375,22.8700008392334,component_pass_from_205047_not_rescored_here,RawProviderRange,DispersionReversion,provider_raw_daily_consensus,ProviderRawDailyConsensusV1:dispersion_reversion,Sideways -> RawProviderRange -> DispersionReversion -> ProviderRawDailyConsensusV1:dispersion_reversion,board-b-provider-raw-daily-consensus/v1,1d_hold_3,long_short_research_only_until_branch_rc_spa_passes,suppress_if_sideways_raw_provider_branch_rc_spa_fails,long,1,399.0899963378906,396.3800048828125,-0.006790426921109094,0.001,-0.007790426921109094,2023,source_panel_daily_asof,yf_spy,equity_index,2,1.157950685220824
board-b-provider-raw-daily-consensus/v1,20260511T212329+0800-codex-board-b-provider-raw-daily-consensus-v1,ProviderRawDailyConsensusV1,dispersion_reversion,SPY/USD,1d,ProviderRawDailyConsensusV1:dispersion_reversion:SPY/USD:1d:yf_spy:45,2023-03-09T14:30:00+00:00,2023-03-14T13:30:00+00:00,2023-03-09,^IXIC,Sideways,0.9529358324,0.5,22.61000061035156,component_pass_from_205047_not_rescored_here,RawProviderRange,DispersionReversion,provider_raw_daily_consensus,ProviderRawDailyConsensusV1:dispersion_reversion,Sideways -> RawProviderRange -> DispersionReversion -> ProviderRawDailyConsensusV1:dispersion_reversion,board-b-provider-raw-daily-consensus/v1,1d_hold_3,long_short_research_only_until_branch_rc_spa_passes,suppress_if_sideways_raw_provider_branch_rc_spa_fails,long,1,391.55999755859375,391.7300109863281,0.0004341950883501866,0.001,-0.0005658049116498134,2023,source_panel_daily_asof,yf_spy,equity_index,2,1.1573462292761658
board-b-provider-raw-daily-consensus/v1,20260511T212329+0800-codex-board-b-provider-raw-daily-consensus-v1,ProviderRawDailyConsensusV1,dispersion_reversion,SPY/USD,1d,ProviderRawDailyConsensusV1:dispersion_reversion:SPY/USD:1d:yf_spy:81,2023-05-01T13:30:00+00:00,2023-05-04T13:30:00+00:00,2023-05-01,^IXIC,Sideways,0.9529358324,0.333,16.079999923706055,component_pass_from_205047_not_rescored_here,RawProviderRange,DispersionReversion,provider_raw_daily_consensus,ProviderRawDailyConsensusV1:dispersion_reversion,Sideways -> RawProviderRange -> DispersionReversion -> ProviderRawDailyConsensusV1:dispersion_reversion,board-b-provider-raw-daily-consensus/v1,1d_hold_3,long_short_research_only_until_branch_rc_spa_passes,suppress_if_sideways_raw_provider_branch_rc_spa_fails,short,-1,415.510009765625,405.1300048828125,0.024981359386907487,0.001,0.023981359386907486,2023,source_panel_daily_asof,yf_spy,equity_index,2,1.1587966157692644
board-b-provider-raw-daily-consensus/v1,20260511T212329+0800-codex-board-b-provider-raw-daily-consensus-v1,ProviderRawDailyConsensusV1,dispersion_reversion,SPY/USD,1d,ProviderRawDailyConsensusV1:dispersion_reversion:SPY/USD:1d:yf_spy:150,2023-08-09T13:30:00+00:00,2023-08-14T13:30:00+00:00,2023-08-09,^IXIC,Sideways,0.9529358324,0.8,15.960000038146973,component_pass_from_205047_not_rescored_here,RawProviderRange,DispersionReversion,provider_raw_daily_consensus,ProviderRawDailyConsensusV1:dispersion_reversion,Sideways -> RawProviderRange -> DispersionReversion -> ProviderRawDailyConsensusV1:dispersion_reversion,board-b-provider-raw-daily-consensus/v1,1d_hold_3,long_short_research_only_until_branch_rc_spa_passes,suppress_if_sideways_raw_provider_branch_rc_spa_fails,long,1,445.75,448.1099853515625,0.005294414697840644,0.001,0.004294414697840644,2023,source_panel_daily_asof,yf_spy,equity_index,2,1.15855678637074
board-b-provider-raw-daily-consensus/v1,20260511T212329+0800-codex-board-b-provider-raw-daily-consensus-v1,ProviderRawDailyConsensusV1,dispersion_reversion,SPY/USD,1d,ProviderRawDailyConsensusV1:dispersion_reversion:SPY/USD:1d:yf_spy:164,2023-08-29T13:30:00+00:00,2023-09-01T13:30:00+00:00,2023-08-29,^IXIC,Sideways,0.9529358324,0.5,14.449999809265137,component_pass_from_205047_not_rescored_here,RawProviderRange,DispersionReversion,provider_raw_daily_consensus,ProviderRawDailyConsensusV1:dispersion_reversion,Sideways -> RawProviderRange -> DispersionReversion -> ProviderRawDailyConsensusV1:dispersion_reversion,board-b-provider-raw-daily-consensus/v1,1d_hold_3,long_short_research_only_until_branch_rc_spa_passes,suppress_if_sideways_raw_provider_branch_rc_spa_fails,short,-1,449.1600036621094,451.19000244140625,-0.0045195448453687614,0.001,-0.0055195448453687615,2023,source_panel_daily_asof,yf_spy,equity_index,2,1.157869856218171
board-b-provider-raw-daily-consensus/v1,20260511T212329+0800-codex-board-b-provider-raw-daily-consensus-v1,ProviderRawDailyConsensusV1,dispersion_reversion,SPY/USD,1d,ProviderRawDailyConsensusV1:dispersion_reversion:SPY/USD:1d:yf_spy:179,2023-09-20T13:30:00+00:00,2023-09-25T13:30:00+00:00,2023-09-20,^IXIC,Sideways,0.9529358324,0.6,15.140000343322754,component_pass_from_205047_not_rescored_here,RawProviderRange,DispersionReversion,provider_raw_daily_consensus,ProviderRawDailyConsensusV1:dispersion_reversion,Sideways -> RawProviderRange -> DispersionReversion -> ProviderRawDailyConsensusV1:dispersion_reversion,board-b-provider-raw-daily-consensus/v1,1d_hold_3,long_short_research_only_until_branch_rc_spa_passes,suppress_if_sideways_raw_provider_branch_rc_spa_fails,long,1,438.6400146484375,432.2300109863281,-0.014613358216410965,0.001,-0.015613358216410966,2023,source_panel_daily_asof,yf_spy,equity_index,2,1.1602731755024136
board-b-provider-raw-daily-consensus/v1,20260511T212329+0800-codex-board-b-provider-raw-daily-consensus-v1,ProviderRawDailyConsensusV1,dispersion_reversion,SPY/USD,1d,ProviderRawDailyConsensusV1:dispersion_reversion:SPY/USD:1d:yf_spy:197,2023-10-16T13:30:00+00:00,2023-10-19T13:30:00+00:00,2023-10-16,^IXIC,Sideways,0.9529358324,0.8,17.209999084472656,component_pass_from_205047_not_rescored_here,RawProviderRange,DispersionReversion,provider_raw_daily_consensus,ProviderRawDailyConsensusV1:dispersion_reversion,Sideways -> RawProviderRange -> DispersionReversion -> ProviderRawDailyConsensusV1:dispersion_reversion,board-b-provider-raw-daily-consensus/v1,1d_hold_3,long_short_research_only_until_branch_rc_spa_passes,suppress_if_sideways_raw_provider_branch_rc_spa_fails,short,-1,436.0400085449219,426.4299926757813,0.022039298414862185,0.001,0.021039298414862184,2023,source_panel_daily_asof,yf_spy,equity_index,2,1.1592420538752728
board-b-provider-raw-daily-consensus/v1,20260511T212329+0800-codex-board-b-provider-raw-daily-consensus-v1,ProviderRawDailyConsensusV1,dispersion_reversion,SPY/USD,1d,ProviderRawDailyConsensusV1:dispersion_reversion:SPY/USD:1d:yf_spy:201,2023-10-20T13:30:00+00:00,2023-10-25T13:30:00+00:00,2023-10-20,^IXIC,Sideways,0.9529358324,0.8,21.709999084472656,component_pass_from_205047_not_rescored_here,RawProviderRange,DispersionReversion,provider_raw_daily_consensus,ProviderRawDailyConsensusV1:dispersion_reversion,Sideways -> RawProviderRange -> DispersionReversion -> ProviderRawDailyConsensusV1:dispersion_reversion,board-b-provider-raw-daily-consensus/v1,1d_hold_3,long_short_research_only_until_branch_rc_spa_passes,suppress_if_sideways_raw_provider_branch_rc_spa_fails,long,1,421.19000244140625,417.5499877929687,-0.008642215217214089,0.001,-0.00964221521721409,2023,source_panel_daily_asof,yf_spy,equity_index,2,1.1590991485781001
board-b-provider-raw-daily-consensus/v1,20260511T212329+0800-codex-board-b-provider-raw-daily-consensus-v1,ProviderRawDailyConsensusV1,dispersion_reversion,SPY/USD,1d,ProviderRawDailyConsensusV1:dispersion_reversion:SPY/USD:1d:yf_spy:318,2024-04-10T13:30:00+00:00,2024-04-15T13:30:00+00:00,2024-04-10,^IXIC,Sideways,0.9529358324,0.6,15.800000190734863,component_pass_from_205047_not_rescored_here,RawProviderRange,DispersionReversion,provider_raw_daily_consensus,ProviderRawDailyConsensusV1:dispersion_reversion,Sideways -> RawProviderRange -> DispersionReversion -> ProviderRawDailyConsensusV1:dispersion_reversion,board-b-provider-raw-daily-consensus/v1,1d_hold_3,long_short_research_only_until_branch_rc_spa_passes,suppress_if_sideways_raw_provider_branch_rc_spa_fails,long,1,514.1199951171875,504.4500122070313,-0.018808805341157808,0.001,-0.01980880534115781,2024,source_panel_daily_asof,yf_spy,equity_index,2,1.1600744538640333
board-b-provider-raw-daily-consensus/v1,20260511T212329+0800-codex-board-b-provider-raw-daily-consensus-v1,ProviderRawDailyConsensusV1,dispersion_reversion,SPY/USD,1d,ProviderRawDailyConsensusV1:dispersion_reversion:SPY/USD:1d:yf_spy:333,2024-05-01T13:30:00+00:00,2024-05-06T13:30:00+00:00,2024-05-01,^IXIC,Sideways,0.9529358324,1.0,15.390000343322754,component_pass_from_205047_not_rescored_here,RawProviderRange,DispersionReversion,provider_raw_daily_consensus,ProviderRawDailyConsensusV1:dispersion_reversion,Sideways -> RawProviderRange -> DispersionReversion -> ProviderRawDailyConsensusV1:dispersion_reversion,board-b-provider-raw-daily-consensus/v1,1d_hold_3,long_short_research_only_until_branch_rc_spa_passes,suppress_if_sideways_raw_provider_branch_rc_spa_fails,long,1,500.3500061035156,516.5700073242188,0.03241730992873704,0.001,0.031417309928737036,2024,source_panel_daily_asof,yf_spy,equity_index,2,1.1590771286182835
board-b-provider-raw-daily-consensus/v1,20260511T212329+0800-codex-board-b-provider-raw-daily-consensus-v1,ProviderRawDailyConsensusV1,dispersion_reversion,SPY/USD,1d,ProviderRawDailyConsensusV1:dispersion_reversion:SPY/USD:1d:yf_spy:390,2024-07-24T13:30:00+00:00,2024-07-29T13:30:00+00:00,2024-07-24,^IXIC,Sideways,0.9529358324,1.0,18.040000915527344,component_pass_from_205047_not_rescored_here,RawProviderRange,DispersionReversion,provider_raw_daily_consensus,ProviderRawDailyConsensusV1:dispersion_reversion,Sideways -> RawProviderRange -> DispersionReversion -> ProviderRawDailyConsensusV1:dispersion_reversion,board-b-provider-raw-daily-consensus/v1,1d_hold_3,long_short_research_only_until_branch_rc_spa_passes,suppress_if_sideways_raw_provider_branch_rc_spa_fails,long,1,541.22998046875,544.760009765625,0.006522235323729975,0.001,0.005522235323729975,2024,source_panel_daily_asof,yf_spy,equity_index,2,1.1596366440686448
board-b-provider-raw-daily-consensus/v1,20260511T212329+0800-codex-board-b-provider-raw-daily-consensus-v1,ProviderRawDailyConsensusV1,dispersion_reversion,SPY/USD,1d,ProviderRawDailyConsensusV1:dispersion_reversion:SPY/USD:1d:yf_spy:396,2024-08-01T13:30:00+00:00,2024-08-06T13:30:00+00:00,2024-08-01,^IXIC,Sideways,0.9529358324,0.6,18.59000015258789,component_pass_from_205047_not_rescored_here,RawProviderRange,DispersionReversion,provider_raw_daily_consensus,ProviderRawDailyConsensusV1:dispersion_reversion,Sideways -> RawProviderRange -> DispersionReversion -> ProviderRawDailyConsensusV1:dispersion_reversion,board-b-provider-raw-daily-consensus/v1,1d_hold_3,long_short_research_only_until_branch_rc_spa_passes,suppress_if_sideways_raw_provider_branch_rc_spa_fails,long,1,543.010009765625,522.1500244140625,-0.03841547112651966,0.001,-0.03941547112651966,2024,source_panel_daily_asof,yf_spy,equity_index,2,1.15922469618773
board-b-provider-raw-daily-consensus/v1,20260511T212329+0800-codex-board-b-provider-raw-daily-consensus-v1,ProviderRawDailyConsensusV1,dispersion_reversion,SPY/USD,1d,ProviderRawDailyConsensusV1:dispersion_reversion:SPY/USD:1d:yf_spy:421,2024-09-06T13:30:00+00:00,2024-09-11T13:30:00+00:00,2024-09-06,^IXIC,Sideways,0.9529358324,0.6,22.3799991607666,component_pass_from_205047_not_rescored_here,RawProviderRange,DispersionReversion,provider_raw_daily_consensus,ProviderRawDailyConsensusV1:dispersion_reversion,Sideways -> RawProviderRange -> DispersionReversion -> ProviderRawDailyConsensusV1:dispersion_reversion,board-b-provider-raw-daily-consensus/v1,1d_hold_3,long_short_research_only_until_branch_rc_spa_passes,suppress_if_sideways_raw_provider_branch_rc_spa_fails,long,1,540.3599853515625,554.4199829101562,0.026019686763900873,0.001,0.025019686763900872,2024,source_panel_daily_asof,yf_spy,equity_index,2,1.157769813115174
board-b-provider-raw-daily-consensus/v1,20260511T212329+0800-codex-board-b-provider-raw-daily-consensus-v1,ProviderRawDailyConsensusV1,dispersion_reversion,SPY/USD,1d,ProviderRawDailyConsensusV1:dispersion_reversion:SPY/USD:1d:yf_spy:501,2024-12-31T14:30:00+00:00,2025-01-06T14:30:00+00:00,2024-12-31,^IXIC,Sideways,0.9529358324,0.6,17.350000381469727,component_pass_from_205047_not_rescored_here,RawProviderRange,DispersionReversion,provider_raw_daily_consensus,ProviderRawDailyConsensusV1:dispersion_reversion,Sideways -> RawProviderRange -> DispersionReversion -> ProviderRawDailyConsensusV1:dispersion_reversion,board-b-provider-raw-daily-consensus/v1,1d_hold_3,long_short_research_only_until_branch_rc_spa_passes,suppress_if_sideways_raw_provider_branch_rc_spa_fails,long,1,586.0800170898438,595.3599853515625,0.015833961218807646,0.001,0.014833961218807645,2024,source_panel_daily_asof,yf_spy,equity_index,2,1.1600387965075607
board-b-provider-raw-daily-consensus/v1,20260511T212329+0800-codex-board-b-provider-raw-daily-consensus-v1,ProviderRawDailyConsensusV1,dispersion_reversion,SPY/USD,1d,ProviderRawDailyConsensusV1:dispersion_reversion:SPY/USD:1d:yf_spy:505,2025-01-07T14:30:00+00:00,2025-01-13T14:30:00+00:00,2025-01-07,^IXIC,Sideways,0.9529358324,0.6,17.81999969482422,component_pass_from_205047_not_rescored_here,RawProviderRange,DispersionReversion,provider_raw_daily_consensus,ProviderRawDailyConsensusV1:dispersion_reversion,Sideways -> RawProviderRange -> DispersionReversion -> ProviderRawDailyConsensusV1:dispersion_reversion,board-b-provider-raw-daily-consensus/v1,1d_hold_3,long_short_research_only_until_branch_rc_spa_passes,suppress_if_sideways_raw_provider_branch_rc_spa_fails,long,1,588.6300048828125,581.3900146484375,-0.012299730177391055,0.001,-0.013299730177391056,2025,source_panel_daily_asof,yf_spy,equity_index,2,1.159754200286743
board-b-provider-raw-daily-consensus/v1,20260511T212329+0800-codex-board-b-provider-raw-daily-consensus-v1,ProviderRawDailyConsensusV1,dispersion_reversion,SPY/USD,1d,ProviderRawDailyConsensusV1:dispersion_reversion:SPY/USD:1d:yf_spy:512,2025-01-17T14:30:00+00:00,2025-01-23T14:30:00+00:00,2025-01-17,^IXIC,Sideways,0.9529358324,0.6,15.970000267028809,component_pass_from_205047_not_rescored_here,RawProviderRange,DispersionReversion,provider_raw_daily_consensus,ProviderRawDailyConsensusV1:dispersion_reversion,Sideways -> RawProviderRange -> DispersionReversion -> ProviderRawDailyConsensusV1:dispersion_reversion,board-b-provider-raw-daily-consensus/v1,1d_hold_3,long_short_research_only_until_branch_rc_spa_passes,suppress_if_sideways_raw_provider_branch_rc_spa_fails,short,-1,597.5800170898438,609.75,-0.020365444897945117,0.001,-0.02136544489794512,2025,source_panel_daily_asof,yf_spy,equity_index,2,1.1593212182621606
board-b-provider-raw-daily-consensus/v1,20260511T212329+0800-codex-board-b-provider-raw-daily-consensus-v1,ProviderRawDailyConsensusV1,dispersion_reversion,SPY/USD,1d,ProviderRawDailyConsensusV1:dispersion_reversion:SPY/USD:1d:yf_spy:536,2025-02-24T14:30:00+00:00,2025-02-27T14:30:00+00:00,2025-02-24,^IXIC,Sideways,0.9529358324,1.0,18.979999542236328,component_pass_from_205047_not_rescored_here,RawProviderRange,DispersionReversion,provider_raw_daily_consensus,ProviderRawDailyConsensusV1:dispersion_reversion,Sideways -> RawProviderRange -> DispersionReversion -> ProviderRawDailyConsensusV1:dispersion_reversion,board-b-provider-raw-daily-consensus/v1,1d_hold_3,long_short_research_only_until_branch_rc_spa_passes,suppress_if_sideways_raw_provider_branch_rc_spa_fails,long,1,597.2100219726562,585.0499877929688,-0.02036140341302617,0.001,-0.02136140341302617,2025,source_panel_daily_asof,yf_spy,equity_index,2,1.1582003371197684
board-b-provider-raw-daily-consensus/v1,20260511T212329+0800-codex-board-b-provider-raw-daily-consensus-v1,ProviderRawDailyConsensusV1,dispersion_reversion,SPY/USD,1d,ProviderRawDailyConsensusV1:dispersion_reversion:SPY/USD:1d:yf_spy:583,2025-05-01T13:30:00+00:00,2025-05-06T13:30:00+00:00,2025-05-01,^IXIC,Sideways,0.9529358324,0.25,24.600000381469727,component_pass_from_205047_not_rescored_here,RawProviderRange,DispersionReversion,provider_raw_daily_consensus,ProviderRawDailyConsensusV1:dispersion_reversion,Sideways -> RawProviderRange -> DispersionReversion -> ProviderRawDailyConsensusV1:dispersion_reversion,board-b-provider-raw-daily-consensus/v1,1d_hold_3,long_short_research_only_until_branch_rc_spa_passes,suppress_if_sideways_raw_provider_branch_rc_spa_fails,short,-1,558.469970703125,558.7999877929688,-0.0005909307700613375,0.001,-0.0015909307700613376,2025,source_panel_daily_asof,yf_spy,equity_index,2,1.1586873300333824
board-b-provider-raw-daily-consensus/v1,20260511T212329+0800-codex-board-b-provider-raw-daily-consensus-v1,ProviderRawDailyConsensusV1,dispersion_reversion,SPY/USD,1d,ProviderRawDailyConsensusV1:dispersion_reversion:SPY/USD:1d:yf_spy:721,2025-11-17T14:30:00+00:00,2025-11-20T14:30:00+00:00,2025-11-17,^IXIC,Sideways,0.9529358324,1.0,22.3799991607666,component_pass_from_205047_not_rescored_here,RawProviderRange,DispersionReversion,provider_raw_daily_consensus,ProviderRawDailyConsensusV1:dispersion_reversion,Sideways -> RawProviderRange -> DispersionReversion -> ProviderRawDailyConsensusV1:dispersion_reversion,board-b-provider-raw-daily-consensus/v1,1d_hold_3,long_short_research_only_until_branch_rc_spa_passes,suppress_if_sideways_raw_provider_branch_rc_spa_fails,long,1,665.6699829101562,652.530029296875,-0.01973944139081707,0.001,-0.02073944139081707,2025,source_panel_daily_asof,yf_spy,equity_index,2,1.1583174648088332
board-b-provider-raw-daily-consensus/v1,20260511T212329+0800-codex-board-b-provider-raw-daily-consensus-v1,ProviderRawDailyConsensusV1,dispersion_reversion,SPY/USD,1d,ProviderRawDailyConsensusV1:dispersion_reversion:SPY/USD:1d:yf_spy:729,2025-11-28T14:30:00+00:00,2025-12-03T14:30:00+00:00,2025-11-28,^IXIC,Sideways,0.9529358324,0.6,16.350000381469727,component_pass_from_205047_not_rescored_here,RawProviderRange,DispersionReversion,provider_raw_daily_consensus,ProviderRawDailyConsensusV1:dispersion_reversion,Sideways -> RawProviderRange -> DispersionReversion -> ProviderRawDailyConsensusV1:dispersion_reversion,board-b-provider-raw-daily-consensus/v1,1d_hold_3,long_short_research_only_until_branch_rc_spa_passes,suppress_if_sideways_raw_provider_branch_rc_spa_fails,short,-1,683.3900146484375,683.8900146484375,-0.0007316466282540901,0.001,-0.0017316466282540901,2025,source_panel_daily_asof,yf_spy,equity_index,2,1.157956497712392
board-b-provider-raw-daily-consensus/v1,20260511T212329+0800-codex-board-b-provider-raw-daily-consensus-v1,ProviderRawDailyConsensusV1,provider_consensus_momentum,AAPL/USD,1d,ProviderRawDailyConsensusV1:provider_consensus_momentum:AAPL/USD:1d:yf_aapl:20,2023-02-01T14:30:00+00:00,2023-02-08T14:30:00+00:00,2023-02-01,^IXIC,Bull,0.9797225384,0.444,17.8700008392334,component_pass_from_205047_not_rescored_here,RawProviderConsensusRiskOn,CrossVenueMomentum,provider_raw_daily_consensus,ProviderRawDailyConsensusV1:provider_consensus_momentum,Bull -> RawProviderConsensusRiskOn -> CrossVenueMomentum -> ProviderRawDailyConsensusV1:provider_consensus_momentum,board-b-provider-raw-daily-consensus/v1,1d_hold_5,long_research_only_until_branch_rc_spa_passes,suppress_if_bull_raw_provider_branch_rc_spa_fails,long,1,145.42999267578125,151.9199981689453,0.04462632070423567,0.001,0.043626320704235666,2023,source_panel_daily_asof,yf_aapl,equity_single,1,0.0
board-b-provider-raw-daily-consensus/v1,20260511T212329+0800-codex-board-b-provider-raw-daily-consensus-v1,ProviderRawDailyConsensusV1,provider_consensus_momentum,AAPL/USD,1d,ProviderRawDailyConsensusV1:provider_consensus_momentum:AAPL/USD:1d:yf_aapl:32,2023-02-17T14:30:00+00:00,2023-02-27T14:30:00+00:00,2023-02-17,^IXIC,Bull,0.9797225384,0.333,20.020000457763672,component_pass_from_205047_not_rescored_here,RawProviderConsensusRiskOn,CrossVenueMomentum,provider_raw_daily_consensus,ProviderRawDailyConsensusV1:provider_consensus_momentum,Bull -> RawProviderConsensusRiskOn -> CrossVenueMomentum -> ProviderRawDailyConsensusV1:provider_consensus_momentum,board-b-provider-raw-daily-consensus/v1,1d_hold_5,long_research_only_until_branch_rc_spa_passes,suppress_if_bull_raw_provider_branch_rc_spa_fails,long,1,152.5500030517578,147.9199981689453,-0.030350736087770613,0.001,-0.031350736087770614,2023,source_panel_daily_asof,yf_aapl,equity_single,1,0.0
board-b-provider-raw-daily-consensus/v1,20260511T212329+0800-codex-board-b-provider-raw-daily-consensus-v1,ProviderRawDailyConsensusV1,provider_consensus_momentum,AAPL/USD,1d,ProviderRawDailyConsensusV1:provider_consensus_momentum:AAPL/USD:1d:yf_aapl:53,2023-03-21T13:30:00+00:00,2023-03-28T13:30:00+00:00,2023-03-21,^IXIC,Bull,0.9797225384,0.333,21.3799991607666,component_pass_from_205047_not_rescored_here,RawProviderConsensusRiskOn,CrossVenueMomentum,provider_raw_daily_consensus,ProviderRawDailyConsensusV1:provider_consensus_momentum,Bull -> RawProviderConsensusRiskOn -> CrossVenueMomentum -> ProviderRawDailyConsensusV1:provider_consensus_momentum,board-b-provider-raw-daily-consensus/v1,1d_hold_5,long_research_only_until_branch_rc_spa_passes,suppress_if_bull_raw_provider_branch_rc_spa_fails,long,1,159.27999877929688,157.64999389648438,-0.010233581713364304,0.001,-0.011233581713364305,2023,source_panel_daily_asof,yf_aapl,equity_single,1,0.0
board-b-provider-raw-daily-consensus/v1,20260511T212329+0800-codex-board-b-provider-raw-daily-consensus-v1,ProviderRawDailyConsensusV1,provider_consensus_momentum,AAPL/USD,1d,ProviderRawDailyConsensusV1:provider_consensus_momentum:AAPL/USD:1d:yf_aapl:59,2023-03-29T13:30:00+00:00,2023-04-05T13:30:00+00:00,2023-03-29,^IXIC,Bull,0.9797225384,0.333,19.1200008392334,component_pass_from_205047_not_rescored_here,RawProviderConsensusRiskOn,CrossVenueMomentum,provider_raw_daily_consensus,ProviderRawDailyConsensusV1:provider_consensus_momentum,Bull -> RawProviderConsensusRiskOn -> CrossVenueMomentum -> ProviderRawDailyConsensusV1:provider_consensus_momentum,board-b-provider-raw-daily-consensus/v1,1d_hold_5,long_research_only_until_branch_rc_spa_passes,suppress_if_bull_raw_provider_branch_rc_spa_fails,long,1,160.77000427246094,163.75999450683594,0.018597935901698337,0.001,0.017597935901698336,2023,source_panel_daily_asof,yf_aapl,equity_single,1,0.0
board-b-provider-raw-daily-consensus/v1,20260511T212329+0800-codex-board-b-provider-raw-daily-consensus-v1,ProviderRawDailyConsensusV1,provider_consensus_momentum,AAPL/USD,1d,ProviderRawDailyConsensusV1:provider_consensus_momentum:AAPL/USD:1d:yf_aapl:65,2023-04-06T13:30:00+00:00,2023-04-14T13:30:00+00:00,2023-04-06,^IXIC,Bull,0.9797225384,0.5,18.399999618530273,component_pass_from_205047_not_rescored_here,RawProviderConsensusRiskOn,CrossVenueMomentum,provider_raw_daily_consensus,ProviderRawDailyConsensusV1:provider_consensus_momentum,Bull -> RawProviderConsensusRiskOn -> CrossVenueMomentum -> ProviderRawDailyConsensusV1:provider_consensus_momentum,board-b-provider-raw-daily-consensus/v1,1d_hold_5,long_research_only_until_branch_rc_spa_passes,suppress_if_bull_raw_provider_branch_rc_spa_fails,long,1,164.66000366210938,165.2100067138672,0.0033402346624893386,0.001,0.0023402346624893386,2023,source_panel_daily_asof,yf_aapl,equity_single,1,0.0
board-b-provider-raw-daily-consensus/v1,20260511T212329+0800-codex-board-b-provider-raw-daily-consensus-v1,ProviderRawDailyConsensusV1,provider_consensus_momentum,AAPL/USD,1d,ProviderRawDailyConsensusV1:provider_consensus_momentum:AAPL/USD:1d:yf_aapl:71,2023-04-17T13:30:00+00:00,2023-04-24T13:30:00+00:00,2023-04-17,^IXIC,Bull,0.9797225384,0.333,16.950000762939453,component_pass_from_205047_not_rescored_here,RawProviderConsensusRiskOn,CrossVenueMomentum,provider_raw_daily_consensus,ProviderRawDailyConsensusV1:provider_consensus_momentum,Bull -> RawProviderConsensusRiskOn -> CrossVenueMomentum -> ProviderRawDailyConsensusV1:provider_consensus_momentum,board-b-provider-raw-daily-consensus/v1,1d_hold_5,long_research_only_until_branch_rc_spa_passes,suppress_if_bull_raw_provider_branch_rc_spa_fails,long,1,165.22999572753906,165.3300018310547,0.000605253925446636,0.001,-0.000394746074553364,2023,source_panel_daily_asof,yf_aapl,equity_single,1,0.0
board-b-provider-raw-daily-consensus/v1,20260511T212329+0800-codex-board-b-provider-raw-daily-consensus-v1,ProviderRawDailyConsensusV1,provider_consensus_momentum,AAPL/USD,1d,ProviderRawDailyConsensusV1:provider_consensus_momentum:AAPL/USD:1d:yf_aapl:77,2023-04-25T13:30:00+00:00,2023-05-02T13:30:00+00:00,2023-04-25,^IXIC,Bull,0.9797225384,0.333,18.760000228881836,component_pass_from_205047_not_rescored_here,RawProviderConsensusRiskOn,CrossVenueMomentum,provider_raw_daily_consensus,ProviderRawDailyConsensusV1:provider_consensus_momentum,Bull -> RawProviderConsensusRiskOn -> CrossVenueMomentum -> ProviderRawDailyConsensusV1:provider_consensus_momentum,board-b-provider-raw-daily-consensus/v1,1d_hold_5,long_research_only_until_branch_rc_spa_passes,suppress_if_bull_raw_provider_branch_rc_spa_fails,long,1,163.77000427246094,168.5399932861328,0.029126145748498145,0.001,0.028126145748498144,2023,source_panel_daily_asof,yf_aapl,equity_single,1,0.0
board-b-provider-raw-daily-consensus/v1,20260511T212329+0800-codex-board-b-provider-raw-daily-consensus-v1,ProviderRawDailyConsensusV1,provider_consensus_momentum,AAPL/USD,1d,ProviderRawDailyConsensusV1:provider_consensus_momentum:AAPL/USD:1d:yf_aapl:85,2023-05-05T13:30:00+00:00,2023-05-12T13:30:00+00:00,2023-05-05,^IXIC,Bull,0.9797225384,0.333,17.190000534057617,component_pass_from_205047_not_rescored_here,RawProviderConsensusRiskOn,CrossVenueMomentum,provider_raw_daily_consensus,ProviderRawDailyConsensusV1:provider_consensus_momentum,Bull -> RawProviderConsensusRiskOn -> CrossVenueMomentum -> ProviderRawDailyConsensusV1:provider_consensus_momentum,board-b-provider-raw-daily-consensus/v1,1d_hold_5,long_research_only_until_branch_rc_spa_passes,suppress_if_bull_raw_provider_branch_rc_spa_fails,long,1,173.57000732421875,172.57000732421875,-0.005761364047949025,0.001,-0.006761364047949025,2023,source_panel_daily_asof,yf_aapl,equity_single,1,0.0
board-b-provider-raw-daily-consensus/v1,20260511T212329+0800-codex-board-b-provider-raw-daily-consensus-v1,ProviderRawDailyConsensusV1,provider_consensus_momentum,AAPL/USD,1d,ProviderRawDailyConsensusV1:provider_consensus_momentum:AAPL/USD:1d:yf_aapl:91,2023-05-15T13:30:00+00:00,2023-05-22T13:30:00+00:00,2023-05-15,^IXIC,Bull,0.9797225384,0.444,17.1200008392334,component_pass_from_205047_not_rescored_here,RawProviderConsensusRiskOn,CrossVenueMomentum,provider_raw_daily_consensus,ProviderRawDailyConsensusV1:provider_consensus_momentum,Bull -> RawProviderConsensusRiskOn -> CrossVenueMomentum -> ProviderRawDailyConsensusV1:provider_consensus_momentum,board-b-provider-raw-daily-consensus/v1,1d_hold_5,long_research_only_until_branch_rc_spa_passes,suppress_if_bull_raw_provider_branch_rc_spa_fails,long,1,172.07000732421875,174.1999969482422,0.012378622266285166,0.001,0.011378622266285165,2023,source_panel_daily_asof,yf_aapl,equity_single,1,0.0
board-b-provider-raw-daily-consensus/v1,20260511T212329+0800-codex-board-b-provider-raw-daily-consensus-v1,ProviderRawDailyConsensusV1,provider_consensus_momentum,AAPL/USD,1d,ProviderRawDailyConsensusV1:provider_consensus_momentum:AAPL/USD:1d:yf_aapl:97,2023-05-23T13:30:00+00:00,2023-05-31T13:30:00+00:00,2023-05-23,^IXIC,Bull,0.9797225384,0.6,18.530000686645508,component_pass_from_205047_not_rescored_here,RawProviderConsensusRiskOn,CrossVenueMomentum,provider_raw_daily_consensus,ProviderRawDailyConsensusV1:provider_consensus_momentum,Bull -> RawProviderConsensusRiskOn -> CrossVenueMomentum -> ProviderRawDailyConsensusV1:provider_consensus_momentum,board-b-provider-raw-daily-consensus/v1,1d_hold_5,long_research_only_until_branch_rc_spa_passes,suppress_if_bull_raw_provider_branch_rc_spa_fails,long,1,171.55999755859375,177.25,0.03316625391920347,0.001,0.03216625391920347,2023,source_panel_daily_asof,yf_aapl,equity_single,1,0.0
board-b-provider-raw-daily-consensus/v1,20260511T212329+0800-codex-board-b-provider-raw-daily-consensus-v1,ProviderRawDailyConsensusV1,provider_consensus_momentum,AAPL/USD,1d,ProviderRawDailyConsensusV1:provider_consensus_momentum:AAPL/USD:1d:yf_aapl:103,2023-06-01T13:30:00+00:00,2023-06-08T13:30:00+00:00,2023-06-01,^IXIC,Bull,0.9797225384,0.857,15.649999618530272,component_pass_from_205047_not_rescored_here,RawProviderConsensusRiskOn,CrossVenueMomentum,provider_raw_daily_consensus,ProviderRawDailyConsensusV1:provider_consensus_momentum,Bull -> RawProviderConsensusRiskOn -> CrossVenueMomentum -> ProviderRawDailyConsensusV1:provider_consensus_momentum,board-b-provider-raw-daily-consensus/v1,1d_hold_5,long_research_only_until_branch_rc_spa_passes,suppress_if_bull_raw_provider_branch_rc_spa_fails,long,1,180.08999633789062,180.57000732421875,0.0026653950585211472,0.001,0.0016653950585211472,2023,source_panel_daily_asof,yf_aapl,equity_single,1,0.0
board-b-provider-raw-daily-consensus/v1,20260511T212329+0800-codex-board-b-provider-raw-daily-consensus-v1,ProviderRawDailyConsensusV1,provider_consensus_momentum,AAPL/USD,1d,ProviderRawDailyConsensusV1:provider_consensus_momentum:AAPL/USD:1d:yf_aapl:109,2023-06-09T13:30:00+00:00,2023-06-16T13:30:00+00:00,2023-06-09,^IXIC,Bull,0.9797225384,0.714,13.829999923706056,component_pass_from_205047_not_rescored_here,RawProviderConsensusRiskOn,CrossVenueMomentum,provider_raw_daily_consensus,ProviderRawDailyConsensusV1:provider_consensus_momentum,Bull -> RawProviderConsensusRiskOn -> CrossVenueMomentum -> ProviderRawDailyConsensusV1:provider_consensus_momentum,board-b-provider-raw-daily-consensus/v1,1d_hold_5,long_research_only_until_branch_rc_spa_passes,suppress_if_bull_raw_provider_branch_rc_spa_fails,long,1,180.9600067138672,184.9199981689453,0.02188324109282136,0.001,0.02088324109282136,2023,source_panel_daily_asof,yf_aapl,equity_single,1,0.0
board-b-provider-raw-daily-consensus/v1,20260511T212329+0800-codex-board-b-provider-raw-daily-consensus-v1,ProviderRawDailyConsensusV1,provider_consensus_momentum,AAPL/USD,1d,ProviderRawDailyConsensusV1:provider_consensus_momentum:AAPL/USD:1d:yf_aapl:115,2023-06-20T13:30:00+00:00,2023-06-27T13:30:00+00:00,2023-06-20,^IXIC,Bull,0.9797225384,0.857,13.880000114440918,component_pass_from_205047_not_rescored_here,RawProviderConsensusRiskOn,CrossVenueMomentum,provider_raw_daily_consensus,ProviderRawDailyConsensusV1:provider_consensus_momentum,Bull -> RawProviderConsensusRiskOn -> CrossVenueMomentum -> ProviderRawDailyConsensusV1:provider_consensus_momentum,board-b-provider-raw-daily-consensus/v1,1d_hold_5,long_research_only_until_branch_rc_spa_passes,suppress_if_bull_raw_provider_branch_rc_spa_fails,long,1,185.0099945068359,188.05999755859375,0.016485612357796997,0.001,0.015485612357796996,2023,source_panel_daily_asof,yf_aapl,equity_single,1,0.0
board-b-provider-raw-daily-consensus/v1,20260511T212329+0800-codex-board-b-provider-raw-daily-consensus-v1,ProviderRawDailyConsensusV1,provider_consensus_momentum,AAPL/USD,1d,ProviderRawDailyConsensusV1:provider_consensus_momentum:AAPL/USD:1d:yf_aapl:121,2023-06-28T13:30:00+00:00,2023-07-06T13:30:00+00:00,2023-06-28,^IXIC,Bull,0.9797225384,0.5,13.43000030517578,component_pass_from_205047_not_rescored_here,RawProviderConsensusRiskOn,CrossVenueMomentum,provider_raw_daily_consensus,ProviderRawDailyConsensusV1:provider_consensus_momentum,Bull -> RawProviderConsensusRiskOn -> CrossVenueMomentum -> ProviderRawDailyConsensusV1:provider_consensus_momentum,board-b-provider-raw-daily-consensus/v1,1d_hold_5,long_research_only_until_branch_rc_spa_passes,suppress_if_bull_raw_provider_branch_rc_spa_fails,long,1,189.25,191.80999755859375,0.013527067680812355,0.001,0.012527067680812354,2023,source_panel_daily_asof,yf_aapl,equity_single,1,0.0
board-b-provider-raw-daily-consensus/v1,20260511T212329+0800-codex-board-b-provider-raw-daily-consensus-v1,ProviderRawDailyConsensusV1,provider_consensus_momentum,AAPL/USD,1d,ProviderRawDailyConsensusV1:provider_consensus_momentum:AAPL/USD:1d:yf_aapl:127,2023-07-07T13:30:00+00:00,2023-07-14T13:30:00+00:00,2023-07-07,^IXIC,Bull,0.9797225384,0.5,14.829999923706056,component_pass_from_205047_not_rescored_here,RawProviderConsensusRiskOn,CrossVenueMomentum,provider_raw_daily_consensus,ProviderRawDailyConsensusV1:provider_consensus_momentum,Bull -> RawProviderConsensusRiskOn -> CrossVenueMomentum -> ProviderRawDailyConsensusV1:provider_consensus_momentum,board-b-provider-raw-daily-consensus/v1,1d_hold_5,long_research_only_until_branch_rc_spa_passes,suppress_if_bull_raw_provider_branch_rc_spa_fails,long,1,190.67999267578125,190.69000244140625,5.249510179083927e-05,0.001,-0.0009475048982091607,2023,source_panel_daily_asof,yf_aapl,equity_single,1,0.0
board-b-provider-raw-daily-consensus/v1,20260511T212329+0800-codex-board-b-provider-raw-daily-consensus-v1,ProviderRawDailyConsensusV1,provider_consensus_momentum,AAPL/USD,1d,ProviderRawDailyConsensusV1:provider_consensus_momentum:AAPL/USD:1d:yf_aapl:133,2023-07-17T13:30:00+00:00,2023-07-24T13:30:00+00:00,2023-07-17,^IXIC,Bull,0.9797225384,0.667,13.479999542236328,component_pass_from_205047_not_rescored_here,RawProviderConsensusRiskOn,CrossVenueMomentum,provider_raw_daily_consensus,ProviderRawDailyConsensusV1:provider_consensus_momentum,Bull -> RawProviderConsensusRiskOn -> CrossVenueMomentum -> ProviderRawDailyConsensusV1:provider_consensus_momentum,board-b-provider-raw-daily-consensus/v1,1d_hold_5,long_research_only_until_branch_rc_spa_passes,suppress_if_bull_raw_provider_branch_rc_spa_fails,long,1,193.9900054931641,192.75,-0.006392110201820622,0.001,-0.007392110201820622,2023,source_panel_daily_asof,yf_aapl,equity_single,1,0.0
board-b-provider-raw-daily-consensus/v1,20260511T212329+0800-codex-board-b-provider-raw-daily-consensus-v1,ProviderRawDailyConsensusV1,provider_consensus_momentum,AAPL/USD,1d,ProviderRawDailyConsensusV1:provider_consensus_momentum:AAPL/USD:1d:yf_aapl:139,2023-07-25T13:30:00+00:00,2023-08-01T13:30:00+00:00,2023-07-25,^IXIC,Bull,0.9797225384,0.714,13.859999656677246,component_pass_from_205047_not_rescored_here,RawProviderConsensusRiskOn,CrossVenueMomentum,provider_raw_daily_consensus,ProviderRawDailyConsensusV1:provider_consensus_momentum,Bull -> RawProviderConsensusRiskOn -> CrossVenueMomentum -> ProviderRawDailyConsensusV1:provider_consensus_momentum,board-b-provider-raw-daily-consensus/v1,1d_hold_5,long_research_only_until_branch_rc_spa_passes,suppress_if_bull_raw_provider_branch_rc_spa_fails,long,1,193.6199951171875,195.61000061035156,0.01027789248708344,0.001,0.009277892487083439,2023,source_panel_daily_asof,yf_aapl,equity_single,1,0.0
board-b-provider-raw-daily-consensus/v1,20260511T212329+0800-codex-board-b-provider-raw-daily-consensus-v1,ProviderRawDailyConsensusV1,provider_consensus_momentum,AAPL/USD,1d,ProviderRawDailyConsensusV1:provider_consensus_momentum:AAPL/USD:1d:yf_aapl:145,2023-08-02T13:30:00+00:00,2023-08-09T13:30:00+00:00,2023-08-02,^IXIC,Bull,0.9797225384,0.5,16.09000015258789,component_pass_from_205047_not_rescored_here,RawProviderConsensusRiskOn,CrossVenueMomentum,provider_raw_daily_consensus,ProviderRawDailyConsensusV1:provider_consensus_momentum,Bull -> RawProviderConsensusRiskOn -> CrossVenueMomentum -> ProviderRawDailyConsensusV1:provider_consensus_momentum,board-b-provider-raw-daily-consensus/v1,1d_hold_5,long_research_only_until_branch_rc_spa_passes,suppress_if_bull_raw_provider_branch_rc_spa_fails,long,1,192.5800018310547,178.19000244140625,-0.0747221894943817,0.001,-0.0757221894943817,2023,source_panel_daily_asof,yf_aapl,equity_single,1,0.0
board-b-provider-raw-daily-consensus/v1,20260511T212329+0800-codex-board-b-provider-raw-daily-consensus-v1,ProviderRawDailyConsensusV1,provider_consensus_momentum,AAPL/USD,1d,ProviderRawDailyConsensusV1:provider_consensus_momentum:AAPL/USD:1d:yf_aapl:167,2023-09-01T13:30:00+00:00,2023-09-11T13:30:00+00:00,2023-09-01,^IXIC,Bull,0.9797225384,0.5,13.09000015258789,component_pass_from_205047_not_rescored_here,RawProviderConsensusRiskOn,CrossVenueMomentum,provider_raw_daily_consensus,ProviderRawDailyConsensusV1:provider_consensus_momentum,Bull -> RawProviderConsensusRiskOn -> CrossVenueMomentum -> ProviderRawDailyConsensusV1:provider_consensus_momentum,board-b-provider-raw-daily-consensus/v1,1d_hold_5,long_research_only_until_branch_rc_spa_passes,suppress_if_bull_raw_provider_branch_rc_spa_fails,long,1,189.4600067138672,179.36000061035156,-0.05330943600550597,0.001,-0.05430943600550597,2023,source_panel_daily_asof,yf_aapl,equity_single,1,0.0
board-b-provider-raw-daily-consensus/v1,20260511T212329+0800-codex-board-b-provider-raw-daily-consensus-v1,ProviderRawDailyConsensusV1,provider_consensus_momentum,AAPL/USD,1d,ProviderRawDailyConsensusV1:provider_consensus_momentum:AAPL/USD:1d:yf_aapl:212,2023-11-06T14:30:00+00:00,2023-11-13T14:30:00+00:00,2023-11-06,^IXIC,Bull,0.9797225384,0.5,14.890000343322754,component_pass_from_205047_not_rescored_here,RawProviderConsensusRiskOn,CrossVenueMomentum,provider_raw_daily_consensus,ProviderRawDailyConsensusV1:provider_consensus_momentum,Bull -> RawProviderConsensusRiskOn -> CrossVenueMomentum -> ProviderRawDailyConsensusV1:provider_consensus_momentum,board-b-provider-raw-daily-consensus/v1,1d_hold_5,long_research_only_until_branch_rc_spa_passes,suppress_if_bull_raw_provider_branch_rc_spa_fails,long,1,179.22999572753906,184.8000030517578,0.031077428203960533,0.001,0.030077428203960532,2023,source_panel_daily_asof,yf_aapl,equity_single,1,0.0
board-b-provider-raw-daily-consensus/v1,20260511T212329+0800-codex-board-b-provider-raw-daily-consensus-v1,ProviderRawDailyConsensusV1,provider_consensus_momentum,AAPL/USD,1d,ProviderRawDailyConsensusV1:provider_consensus_momentum:AAPL/USD:1d:yf_aapl:218,2023-11-14T14:30:00+00:00,2023-11-21T14:30:00+00:00,2023-11-14,^IXIC,Bull,0.9797225384,0.667,14.15999984741211,component_pass_from_205047_not_rescored_here,RawProviderConsensusRiskOn,CrossVenueMomentum,provider_raw_daily_consensus,ProviderRawDailyConsensusV1:provider_consensus_momentum,Bull -> RawProviderConsensusRiskOn -> CrossVenueMomentum -> ProviderRawDailyConsensusV1:provider_consensus_momentum,board-b-provider-raw-daily-consensus/v1,1d_hold_5,long_research_only_until_branch_rc_spa_passes,suppress_if_bull_raw_provider_branch_rc_spa_fails,long,1,187.44000244140625,190.63999938964844,0.017072113244570142,0.001,0.01607211324457014,2023,source_panel_daily_asof,yf_aapl,equity_single,1,0.0
board-b-provider-raw-daily-consensus/v1,20260511T212329+0800-codex-board-b-provider-raw-daily-consensus-v1,ProviderRawDailyConsensusV1,provider_consensus_momentum,AAPL/USD,1d,ProviderRawDailyConsensusV1:provider_consensus_momentum:AAPL/USD:1d:yf_aapl:224,2023-11-22T14:30:00+00:00,2023-11-30T14:30:00+00:00,2023-11-22,^IXIC,Bull,0.9797225384,0.857,12.850000381469728,component_pass_from_205047_not_rescored_here,RawProviderConsensusRiskOn,CrossVenueMomentum,provider_raw_daily_consensus,ProviderRawDailyConsensusV1:provider_consensus_momentum,Bull -> RawProviderConsensusRiskOn -> CrossVenueMomentum -> ProviderRawDailyConsensusV1:provider_consensus_momentum,board-b-provider-raw-daily-consensus/v1,1d_hold_5,long_research_only_until_branch_rc_spa_passes,suppress_if_bull_raw_provider_branch_rc_spa_fails,long,1,191.30999755859375,189.9499969482422,-0.007108884155074158,0.001,-0.008108884155074159,2023,source_panel_daily_asof,yf_aapl,equity_single,1,0.0
board-b-provider-raw-daily-consensus/v1,20260511T212329+0800-codex-board-b-provider-raw-daily-consensus-v1,ProviderRawDailyConsensusV1,provider_consensus_momentum,AAPL/USD,1d,ProviderRawDailyConsensusV1:provider_consensus_momentum:AAPL/USD:1d:yf_aapl:230,2023-12-01T14:30:00+00:00,2023-12-08T14:30:00+00:00,2023-12-01,^IXIC,Bull,0.9797225384,0.857,12.630000114440918,component_pass_from_205047_not_rescored_here,RawProviderConsensusRiskOn,CrossVenueMomentum,provider_raw_daily_consensus,ProviderRawDailyConsensusV1:provider_consensus_momentum,Bull -> RawProviderConsensusRiskOn -> CrossVenueMomentum -> ProviderRawDailyConsensusV1:provider_consensus_momentum,board-b-provider-raw-daily-consensus/v1,1d_hold_5,long_research_only_until_branch_rc_spa_passes,suppress_if_bull_raw_provider_branch_rc_spa_fails,long,1,191.2400054931641,195.7100067138672,0.023373776889286324,0.001,0.022373776889286323,2023,source_panel_daily_asof,yf_aapl,equity_single,1,0.0
board-b-provider-raw-daily-consensus/v1,20260511T212329+0800-codex-board-b-provider-raw-daily-consensus-v1,ProviderRawDailyConsensusV1,provider_consensus_momentum,AAPL/USD,1d,ProviderRawDailyConsensusV1:provider_consensus_momentum:AAPL/USD:1d:yf_aapl:236,2023-12-11T14:30:00+00:00,2023-12-18T14:30:00+00:00,2023-12-11,^IXIC,Bull,0.9797225384,0.5,12.630000114440918,component_pass_from_205047_not_rescored_here,RawProviderConsensusRiskOn,CrossVenueMomentum,provider_raw_daily_consensus,ProviderRawDailyConsensusV1:provider_consensus_momentum,Bull -> RawProviderConsensusRiskOn -> CrossVenueMomentum -> ProviderRawDailyConsensusV1:provider_consensus_momentum,board-b-provider-raw-daily-consensus/v1,1d_hold_5,long_research_only_until_branch_rc_spa_passes,suppress_if_bull_raw_provider_branch_rc_spa_fails,long,1,193.17999267578125,195.88999938964844,0.014028402612145552,0.001,0.013028402612145551,2023,source_panel_daily_asof,yf_aapl,equity_single,1,0.0
board-b-provider-raw-daily-consensus/v1,20260511T212329+0800-codex-board-b-provider-raw-daily-consensus-v1,ProviderRawDailyConsensusV1,provider_consensus_momentum,AAPL/USD,1d,ProviderRawDailyConsensusV1:provider_consensus_momentum:AAPL/USD:1d:yf_aapl:242,2023-12-19T14:30:00+00:00,2023-12-27T14:30:00+00:00,2023-12-19,^IXIC,Bull,0.9797225384,1.0,12.529999732971191,component_pass_from_205047_not_rescored_here,RawProviderConsensusRiskOn,CrossVenueMomentum,provider_raw_daily_consensus,ProviderRawDailyConsensusV1:provider_consensus_momentum,Bull -> RawProviderConsensusRiskOn -> CrossVenueMomentum -> ProviderRawDailyConsensusV1:provider_consensus_momentum,board-b-provider-raw-daily-consensus/v1,1d_hold_5,long_research_only_until_branch_rc_spa_passes,suppress_if_bull_raw_provider_branch_rc_spa_fails,long,1,196.94000244140625,193.1499938964844,-0.019244483080827934,0.001,-0.020244483080827935,2023,source_panel_daily_asof,yf_aapl,equity_single,1,0.0
board-b-provider-raw-daily-consensus/v1,20260511T212329+0800-codex-board-b-provider-raw-daily-consensus-v1,ProviderRawDailyConsensusV1,provider_consensus_momentum,AAPL/USD,1d,ProviderRawDailyConsensusV1:provider_consensus_momentum:AAPL/USD:1d:yf_aapl:248,2023-12-28T14:30:00+00:00,2024-01-05T14:30:00+00:00,2023-12-28,^IXIC,Bull,0.9797225384,1.0,12.470000267028809,component_pass_from_205047_not_rescored_here,RawProviderConsensusRiskOn,CrossVenueMomentum,provider_raw_daily_consensus,ProviderRawDailyConsensusV1:provider_consensus_momentum,Bull -> RawProviderConsensusRiskOn -> CrossVenueMomentum -> ProviderRawDailyConsensusV1:provider_consensus_momentum,board-b-provider-raw-daily-consensus/v1,1d_hold_5,long_research_only_until_branch_rc_spa_passes,suppress_if_bull_raw_provider_branch_rc_spa_fails,long,1,193.5800018310547,181.17999267578125,-0.064056250841941,0.001,-0.065056250841941,2023,source_panel_daily_asof,yf_aapl,equity_single,1,0.0
board-b-provider-raw-daily-consensus/v1,20260511T212329+0800-codex-board-b-provider-raw-daily-consensus-v1,ProviderRawDailyConsensusV1,provider_consensus_momentum,AAPL/USD,1d,ProviderRawDailyConsensusV1:provider_consensus_momentum:AAPL/USD:1d:yf_aapl:264,2024-01-23T14:30:00+00:00,2024-01-30T14:30:00+00:00,2024-01-23,^IXIC,Bull,0.9797225384,0.8,12.550000190734863,component_pass_from_205047_not_rescored_here,RawProviderConsensusRiskOn,CrossVenueMomentum,provider_raw_daily_consensus,ProviderRawDailyConsensusV1:provider_consensus_momentum,Bull -> RawProviderConsensusRiskOn -> CrossVenueMomentum -> ProviderRawDailyConsensusV1:provider_consensus_momentum,board-b-provider-raw-daily-consensus/v1,1d_hold_5,long_research_only_until_branch_rc_spa_passes,suppress_if_bull_raw_provider_branch_rc_spa_fails,long,1,195.17999267578125,188.0399932861328,-0.03658161521457215,0.001,-0.03758161521457215,2024,source_panel_daily_asof,yf_aapl,equity_single,1,0.0
board-b-provider-raw-daily-consensus/v1,20260511T212329+0800-codex-board-b-provider-raw-daily-consensus-v1,ProviderRawDailyConsensusV1,provider_consensus_momentum,AAPL/USD,1d,ProviderRawDailyConsensusV1:provider_consensus_momentum:AAPL/USD:1d:yf_aapl:274,2024-02-06T14:30:00+00:00,2024-02-13T14:30:00+00:00,2024-02-06,^IXIC,Bull,0.9797225384,1.0,13.0600004196167,component_pass_from_205047_not_rescored_here,RawProviderConsensusRiskOn,CrossVenueMomentum,provider_raw_daily_consensus,ProviderRawDailyConsensusV1:provider_consensus_momentum,Bull -> RawProviderConsensusRiskOn -> CrossVenueMomentum -> ProviderRawDailyConsensusV1:provider_consensus_momentum,board-b-provider-raw-daily-consensus/v1,1d_hold_5,long_research_only_until_branch_rc_spa_passes,suppress_if_bull_raw_provider_branch_rc_spa_fails,long,1,189.3000030517578,185.0399932861328,-0.02250401319042894,0.001,-0.02350401319042894,2024,source_panel_daily_asof,yf_aapl,equity_single,1,0.0
board-b-provider-raw-daily-consensus/v1,20260511T212329+0800-codex-board-b-provider-raw-daily-consensus-v1,ProviderRawDailyConsensusV1,provider_consensus_momentum,AAPL/USD,1d,ProviderRawDailyConsensusV1:provider_consensus_momentum:AAPL/USD:1d:yf_aapl:320,2024-04-12T13:30:00+00:00,2024-04-19T13:30:00+00:00,2024-04-12,^IXIC,Bull,0.9797225384,0.6,17.309999465942383,component_pass_from_205047_not_rescored_here,RawProviderConsensusRiskOn,CrossVenueMomentum,provider_raw_daily_consensus,ProviderRawDailyConsensusV1:provider_consensus_momentum,Bull -> RawProviderConsensusRiskOn -> CrossVenueMomentum -> ProviderRawDailyConsensusV1:provider_consensus_momentum,board-b-provider-raw-daily-consensus/v1,1d_hold_5,long_research_only_until_branch_rc_spa_passes,suppress_if_bull_raw_provider_branch_rc_spa_fails,long,1,176.5500030517578,165.0,-0.06542057690235092,0.001,-0.06642057690235093,2024,source_panel_daily_asof,yf_aapl,equity_single,1,0.0
board-b-provider-raw-daily-consensus/v1,20260511T212329+0800-codex-board-b-provider-raw-daily-consensus-v1,ProviderRawDailyConsensusV1,provider_consensus_momentum,AAPL/USD,1d,ProviderRawDailyConsensusV1:provider_consensus_momentum:AAPL/USD:1d:yf_aapl:336,2024-05-06T13:30:00+00:00,2024-05-13T13:30:00+00:00,2024-05-06,^IXIC,Bull,0.9797225384,0.6,13.489999771118164,component_pass_from_205047_not_rescored_here,RawProviderConsensusRiskOn,CrossVenueMomentum,provider_raw_daily_consensus,ProviderRawDailyConsensusV1:provider_consensus_momentum,Bull -> RawProviderConsensusRiskOn -> CrossVenueMomentum -> ProviderRawDailyConsensusV1:provider_consensus_momentum,board-b-provider-raw-daily-consensus/v1,1d_hold_5,long_research_only_until_branch_rc_spa_passes,suppress_if_bull_raw_provider_branch_rc_spa_fails,long,1,181.7100067138672,186.27999877929688,0.025149919633352447,0.001,0.024149919633352446,2024,source_panel_daily_asof,yf_aapl,equity_single,1,0.0
board-b-provider-raw-daily-consensus/v1,20260511T212329+0800-codex-board-b-provider-raw-daily-consensus-v1,ProviderRawDailyConsensusV1,provider_consensus_momentum,AAPL/USD,1d,ProviderRawDailyConsensusV1:provider_consensus_momentum:AAPL/USD:1d:yf_aapl:342,2024-05-14T13:30:00+00:00,2024-05-21T13:30:00+00:00,2024-05-14,^IXIC,Bull,0.9797225384,0.8,13.420000076293944,component_pass_from_205047_not_rescored_here,RawProviderConsensusRiskOn,CrossVenueMomentum,provider_raw_daily_consensus,ProviderRawDailyConsensusV1:provider_consensus_momentum,Bull -> RawProviderConsensusRiskOn -> CrossVenueMomentum -> ProviderRawDailyConsensusV1:provider_consensus_momentum,board-b-provider-raw-daily-consensus/v1,1d_hold_5,long_research_only_until_branch_rc_spa_passes,suppress_if_bull_raw_provider_branch_rc_spa_fails,long,1,187.42999267578125,192.3500061035156,0.02624987259240341,0.001,0.02524987259240341,2024,source_panel_daily_asof,yf_aapl,equity_single,1,0.0
board-b-provider-raw-daily-consensus/v1,20260511T212329+0800-codex-board-b-provider-raw-daily-consensus-v1,ProviderRawDailyConsensusV1,provider_consensus_momentum,AAPL/USD,1d,ProviderRawDailyConsensusV1:provider_consensus_momentum:AAPL/USD:1d:yf_aapl:348,2024-05-22T13:30:00+00:00,2024-05-30T13:30:00+00:00,2024-05-22,^IXIC,Bull,0.9797225384,1.0,12.289999961853027,component_pass_from_205047_not_rescored_here,RawProviderConsensusRiskOn,CrossVenueMomentum,provider_raw_daily_consensus,ProviderRawDailyConsensusV1:provider_consensus_momentum,Bull -> RawProviderConsensusRiskOn -> CrossVenueMomentum -> ProviderRawDailyConsensusV1:provider_consensus_momentum,board-b-provider-raw-daily-consensus/v1,1d_hold_5,long_research_only_until_branch_rc_spa_passes,suppress_if_bull_raw_provider_branch_rc_spa_fails,long,1,190.8999938964844,191.2899932861328,0.002042951294487061,0.001,0.001042951294487061,2024,source_panel_daily_asof,yf_aapl,equity_single,1,0.0
board-b-provider-raw-daily-consensus/v1,20260511T212329+0800-codex-board-b-provider-raw-daily-consensus-v1,ProviderRawDailyConsensusV1,provider_consensus_momentum,AAPL/USD,1d,ProviderRawDailyConsensusV1:provider_consensus_momentum:AAPL/USD:1d:yf_aapl:354,2024-05-31T13:30:00+00:00,2024-06-07T13:30:00+00:00,2024-05-31,^IXIC,Bull,0.9797225384,0.833,12.920000076293944,component_pass_from_205047_not_rescored_here,RawProviderConsensusRiskOn,CrossVenueMomentum,provider_raw_daily_consensus,ProviderRawDailyConsensusV1:provider_consensus_momentum,Bull -> RawProviderConsensusRiskOn -> CrossVenueMomentum -> ProviderRawDailyConsensusV1:provider_consensus_momentum,board-b-provider-raw-daily-consensus/v1,1d_hold_5,long_research_only_until_branch_rc_spa_passes,suppress_if_bull_raw_provider_branch_rc_spa_fails,long,1,192.25,196.88999938964844,0.024135237397391096,0.001,0.023135237397391095,2024,source_panel_daily_asof,yf_aapl,equity_single,1,0.0
board-b-provider-raw-daily-consensus/v1,20260511T212329+0800-codex-board-b-provider-raw-daily-consensus-v1,ProviderRawDailyConsensusV1,provider_consensus_momentum,AAPL/USD,1d,ProviderRawDailyConsensusV1:provider_consensus_momentum:AAPL/USD:1d:yf_aapl:360,2024-06-10T13:30:00+00:00,2024-06-17T13:30:00+00:00,2024-06-10,^IXIC,Bull,0.9797225384,0.833,12.739999771118164,component_pass_from_205047_not_rescored_here,RawProviderConsensusRiskOn,CrossVenueMomentum,provider_raw_daily_consensus,ProviderRawDailyConsensusV1:provider_consensus_momentum,Bull -> RawProviderConsensusRiskOn -> CrossVenueMomentum -> ProviderRawDailyConsensusV1:provider_consensus_momentum,board-b-provider-raw-daily-consensus/v1,1d_hold_5,long_research_only_until_branch_rc_spa_passes,suppress_if_bull_raw_provider_branch_rc_spa_fails,long,1,193.1199951171875,216.6699981689453,0.12194492360807785,0.001,0.12094492360807785,2024,source_panel_daily_asof,yf_aapl,equity_single,1,0.0
board-b-provider-raw-daily-consensus/v1,20260511T212329+0800-codex-board-b-provider-raw-daily-consensus-v1,ProviderRawDailyConsensusV1,provider_consensus_momentum,AAPL/USD,1d,ProviderRawDailyConsensusV1:provider_consensus_momentum:AAPL/USD:1d:yf_aapl:366,2024-06-18T13:30:00+00:00,2024-06-26T13:30:00+00:00,2024-06-18,^IXIC,Bull,0.9797225384,1.0,12.300000190734863,component_pass_from_205047_not_rescored_here,RawProviderConsensusRiskOn,CrossVenueMomentum,provider_raw_daily_consensus,ProviderRawDailyConsensusV1:provider_consensus_momentum,Bull -> RawProviderConsensusRiskOn -> CrossVenueMomentum -> ProviderRawDailyConsensusV1:provider_consensus_momentum,board-b-provider-raw-daily-consensus/v1,1d_hold_5,long_research_only_until_branch_rc_spa_passes,suppress_if_bull_raw_provider_branch_rc_spa_fails,long,1,214.2899932861328,213.25,-0.004853205089908941,0.001,-0.005853205089908941,2024,source_panel_daily_asof,yf_aapl,equity_single,1,0.0
board-b-provider-raw-daily-consensus/v1,20260511T212329+0800-codex-board-b-provider-raw-daily-consensus-v1,ProviderRawDailyConsensusV1,provider_consensus_momentum,AAPL/USD,1d,ProviderRawDailyConsensusV1:provider_consensus_momentum:AAPL/USD:1d:yf_aapl:372,2024-06-27T13:30:00+00:00,2024-07-05T13:30:00+00:00,2024-06-27,^IXIC,Bull,0.9797225384,1.0,12.239999771118164,component_pass_from_205047_not_rescored_here,RawProviderConsensusRiskOn,CrossVenueMomentum,provider_raw_daily_consensus,ProviderRawDailyConsensusV1:provider_consensus_momentum,Bull -> RawProviderConsensusRiskOn -> CrossVenueMomentum -> ProviderRawDailyConsensusV1:provider_consensus_momentum,board-b-provider-raw-daily-consensus/v1,1d_hold_5,long_research_only_until_branch_rc_spa_passes,suppress_if_bull_raw_provider_branch_rc_spa_fails,long,1,214.1000061035156,226.33999633789065,0.0571694996984593,0.001,0.0561694996984593,2024,source_panel_daily_asof,yf_aapl,equity_single,1,0.0
board-b-provider-raw-daily-consensus/v1,20260511T212329+0800-codex-board-b-provider-raw-daily-consensus-v1,ProviderRawDailyConsensusV1,provider_consensus_momentum,AAPL/USD,1d,ProviderRawDailyConsensusV1:provider_consensus_momentum:AAPL/USD:1d:yf_aapl:378,2024-07-08T13:30:00+00:00,2024-07-15T13:30:00+00:00,2024-07-08,^IXIC,Bull,0.9797225384,1.0,12.369999885559082,component_pass_from_205047_not_rescored_here,RawProviderConsensusRiskOn,CrossVenueMomentum,provider_raw_daily_consensus,ProviderRawDailyConsensusV1:provider_consensus_momentum,Bull -> RawProviderConsensusRiskOn -> CrossVenueMomentum -> ProviderRawDailyConsensusV1:provider_consensus_momentum,board-b-provider-raw-daily-consensus/v1,1d_hold_5,long_research_only_until_branch_rc_spa_passes,suppress_if_bull_raw_provider_branch_rc_spa_fails,long,1,227.82000732421875,234.3999938964844,0.028882391189205103,0.001,0.027882391189205102,2024,source_panel_daily_asof,yf_aapl,equity_single,1,0.0
board-b-provider-raw-daily-consensus/v1,20260511T212329+0800-codex-board-b-provider-raw-daily-consensus-v1,ProviderRawDailyConsensusV1,provider_consensus_momentum,AAPL/USD,1d,ProviderRawDailyConsensusV1:provider_consensus_momentum:AAPL/USD:1d:yf_aapl:384,2024-07-16T13:30:00+00:00,2024-07-23T13:30:00+00:00,2024-07-16,^IXIC,Bull,0.9797225384,0.8,13.1899995803833,component_pass_from_205047_not_rescored_here,RawProviderConsensusRiskOn,CrossVenueMomentum,provider_raw_daily_consensus,ProviderRawDailyConsensusV1:provider_consensus_momentum,Bull -> RawProviderConsensusRiskOn -> CrossVenueMomentum -> ProviderRawDailyConsensusV1:provider_consensus_momentum,board-b-provider-raw-daily-consensus/v1,1d_hold_5,long_research_only_until_branch_rc_spa_passes,suppress_if_bull_raw_provider_branch_rc_spa_fails,long,1,234.82000732421875,225.0099945068359,-0.04177673329103526,0.001,-0.04277673329103526,2024,source_panel_daily_asof,yf_aapl,equity_single,1,0.0
board-b-provider-raw-daily-consensus/v1,20260511T212329+0800-codex-board-b-provider-raw-daily-consensus-v1,ProviderRawDailyConsensusV1,provider_consensus_momentum,AAPL/USD,1d,ProviderRawDailyConsensusV1:provider_consensus_momentum:AAPL/USD:1d:yf_aapl:406,2024-08-15T13:30:00+00:00,2024-08-22T13:30:00+00:00,2024-08-15,^IXIC,Bull,0.9797225384,0.4,15.229999542236328,component_pass_from_205047_not_rescored_here,RawProviderConsensusRiskOn,CrossVenueMomentum,provider_raw_daily_consensus,ProviderRawDailyConsensusV1:provider_consensus_momentum,Bull -> RawProviderConsensusRiskOn -> CrossVenueMomentum -> ProviderRawDailyConsensusV1:provider_consensus_momentum,board-b-provider-raw-daily-consensus/v1,1d_hold_5,long_research_only_until_branch_rc_spa_passes,suppress_if_bull_raw_provider_branch_rc_spa_fails,long,1,224.72000122070312,224.52999877929688,-0.0008455074776350102,0.001,-0.0018455074776350102,2024,source_panel_daily_asof,yf_aapl,equity_single,1,0.0
board-b-provider-raw-daily-consensus/v1,20260511T212329+0800-codex-board-b-provider-raw-daily-consensus-v1,ProviderRawDailyConsensusV1,provider_consensus_momentum,AAPL/USD,1d,ProviderRawDailyConsensusV1:provider_consensus_momentum:AAPL/USD:1d:yf_aapl:412,2024-08-23T13:30:00+00:00,2024-08-30T13:30:00+00:00,2024-08-23,^IXIC,Bull,0.9797225384,0.6,15.859999656677246,component_pass_from_205047_not_rescored_here,RawProviderConsensusRiskOn,CrossVenueMomentum,provider_raw_daily_consensus,ProviderRawDailyConsensusV1:provider_consensus_momentum,Bull -> RawProviderConsensusRiskOn -> CrossVenueMomentum -> ProviderRawDailyConsensusV1:provider_consensus_momentum,board-b-provider-raw-daily-consensus/v1,1d_hold_5,long_research_only_until_branch_rc_spa_passes,suppress_if_bull_raw_provider_branch_rc_spa_fails,long,1,226.83999633789065,229.0,0.00952214643352356,0.001,0.008522146433523559,2024,source_panel_daily_asof,yf_aapl,equity_single,1,0.0
board-b-provider-raw-daily-consensus/v1,20260511T212329+0800-codex-board-b-provider-raw-daily-consensus-v1,ProviderRawDailyConsensusV1,provider_consensus_momentum,AAPL/USD,1d,ProviderRawDailyConsensusV1:provider_consensus_momentum:AAPL/USD:1d:yf_aapl:418,2024-09-03T13:30:00+00:00,2024-09-10T13:30:00+00:00,2024-09-03,^IXIC,Bull,0.9797225384,0.6,20.719999313354492,component_pass_from_205047_not_rescored_here,RawProviderConsensusRiskOn,CrossVenueMomentum,provider_raw_daily_consensus,ProviderRawDailyConsensusV1:provider_consensus_momentum,Bull -> RawProviderConsensusRiskOn -> CrossVenueMomentum -> ProviderRawDailyConsensusV1:provider_consensus_momentum,board-b-provider-raw-daily-consensus/v1,1d_hold_5,long_research_only_until_branch_rc_spa_passes,suppress_if_bull_raw_provider_branch_rc_spa_fails,long,1,222.77000427246097,220.11000061035156,-0.011940582713532932,0.001,-0.012940582713532933,2024,source_panel_daily_asof,yf_aapl,equity_single,1,0.0
board-b-provider-raw-daily-consensus/v1,20260511T212329+0800-codex-board-b-provider-raw-daily-consensus-v1,ProviderRawDailyConsensusV1,provider_consensus_momentum,AAPL/USD,1d,ProviderRawDailyConsensusV1:provider_consensus_momentum:AAPL/USD:1d:yf_aapl:425,2024-09-12T13:30:00+00:00,2024-09-19T13:30:00+00:00,2024-09-12,^IXIC,Bull,0.9797225384,0.6,17.06999969482422,component_pass_from_205047_not_rescored_here,RawProviderConsensusRiskOn,CrossVenueMomentum,provider_raw_daily_consensus,ProviderRawDailyConsensusV1:provider_consensus_momentum,Bull -> RawProviderConsensusRiskOn -> CrossVenueMomentum -> ProviderRawDailyConsensusV1:provider_consensus_momentum,board-b-provider-raw-daily-consensus/v1,1d_hold_5,long_research_only_until_branch_rc_spa_passes,suppress_if_bull_raw_provider_branch_rc_spa_fails,long,1,222.77000427246097,228.8699951171875,0.02738246050965598,0.001,0.02638246050965598,2024,source_panel_daily_asof,yf_aapl,equity_single,1,0.0
board-b-provider-raw-daily-consensus/v1,20260511T212329+0800-codex-board-b-provider-raw-daily-consensus-v1,ProviderRawDailyConsensusV1,provider_consensus_momentum,AAPL/USD,1d,ProviderRawDailyConsensusV1:provider_consensus_momentum:AAPL/USD:1d:yf_aapl:431,2024-09-20T13:30:00+00:00,2024-09-27T13:30:00+00:00,2024-09-20,^IXIC,Bull,0.9797225384,0.6,16.149999618530273,component_pass_from_205047_not_rescored_here,RawProviderConsensusRiskOn,CrossVenueMomentum,provider_raw_daily_consensus,ProviderRawDailyConsensusV1:provider_consensus_momentum,Bull -> RawProviderConsensusRiskOn -> CrossVenueMomentum -> ProviderRawDailyConsensusV1:provider_consensus_momentum,board-b-provider-raw-daily-consensus/v1,1d_hold_5,long_research_only_until_branch_rc_spa_passes,suppress_if_bull_raw_provider_branch_rc_spa_fails,long,1,228.1999969482422,227.7899932861328,-0.001796685659914199,0.001,-0.002796685659914199,2024,source_panel_daily_asof,yf_aapl,equity_single,1,0.0
board-b-provider-raw-daily-consensus/v1,20260511T212329+0800-codex-board-b-provider-raw-daily-consensus-v1,ProviderRawDailyConsensusV1,provider_consensus_momentum,AAPL/USD,1d,ProviderRawDailyConsensusV1:provider_consensus_momentum:AAPL/USD:1d:yf_aapl:437,2024-09-30T13:30:00+00:00,2024-10-07T13:30:00+00:00,2024-09-30,^IXIC,Bull,0.9797225384,0.8,16.729999542236328,component_pass_from_205047_not_rescored_here,RawProviderConsensusRiskOn,CrossVenueMomentum,provider_raw_daily_consensus,ProviderRawDailyConsensusV1:provider_consensus_momentum,Bull -> RawProviderConsensusRiskOn -> CrossVenueMomentum -> ProviderRawDailyConsensusV1:provider_consensus_momentum,board-b-provider-raw-daily-consensus/v1,1d_hold_5,long_research_only_until_branch_rc_spa_passes,suppress_if_bull_raw_provider_branch_rc_spa_fails,long,1,233.0,221.69000244140625,-0.048540762054050446,0.001,-0.04954076205405045,2024,source_panel_daily_asof,yf_aapl,equity_single,1,0.0
board-b-provider-raw-daily-consensus/v1,20260511T212329+0800-codex-board-b-provider-raw-daily-consensus-v1,ProviderRawDailyConsensusV1,provider_consensus_momentum,AAPL/USD,1d,ProviderRawDailyConsensusV1:provider_consensus_momentum:AAPL/USD:1d:yf_aapl:443,2024-10-08T13:30:00+00:00,2024-10-15T13:30:00+00:00,2024-10-08,^IXIC,Bull,0.9797225384,0.833,21.420000076293945,component_pass_from_205047_not_rescored_here,RawProviderConsensusRiskOn,CrossVenueMomentum,provider_raw_daily_consensus,ProviderRawDailyConsensusV1:provider_consensus_momentum,Bull -> RawProviderConsensusRiskOn -> CrossVenueMomentum -> ProviderRawDailyConsensusV1:provider_consensus_momentum,board-b-provider-raw-daily-consensus/v1,1d_hold_5,long_research_only_until_branch_rc_spa_passes,suppress_if_bull_raw_provider_branch_rc_spa_fails,long,1,225.77000427246097,233.8500061035156,0.03578864188399278,0.001,0.03478864188399278,2024,source_panel_daily_asof,yf_aapl,equity_single,1,0.0
board-b-provider-raw-daily-consensus/v1,20260511T212329+0800-codex-board-b-provider-raw-daily-consensus-v1,ProviderRawDailyConsensusV1,provider_consensus_momentum,AAPL/USD,1d,ProviderRawDailyConsensusV1:provider_consensus_momentum:AAPL/USD:1d:yf_aapl:449,2024-10-16T13:30:00+00:00,2024-10-23T13:30:00+00:00,2024-10-16,^IXIC,Bull,0.9797225384,0.6,19.579999923706055,component_pass_from_205047_not_rescored_here,RawProviderConsensusRiskOn,CrossVenueMomentum,provider_raw_daily_consensus,ProviderRawDailyConsensusV1:provider_consensus_momentum,Bull -> RawProviderConsensusRiskOn -> CrossVenueMomentum -> ProviderRawDailyConsensusV1:provider_consensus_momentum,board-b-provider-raw-daily-consensus/v1,1d_hold_5,long_research_only_until_branch_rc_spa_passes,suppress_if_bull_raw_provider_branch_rc_spa_fails,long,1,231.77999877929688,230.7599945068359,-0.004400743281702368,0.001,-0.005400743281702368,2024,source_panel_daily_asof,yf_aapl,equity_single,1,0.0
board-b-provider-raw-daily-consensus/v1,20260511T212329+0800-codex-board-b-provider-raw-daily-consensus-v1,ProviderRawDailyConsensusV1,provider_consensus_momentum,AAPL/USD,1d,ProviderRawDailyConsensusV1:provider_consensus_momentum:AAPL/USD:1d:yf_aapl:455,2024-10-24T13:30:00+00:00,2024-10-31T13:30:00+00:00,2024-10-24,^IXIC,Bull,0.9797225384,0.6,19.079999923706055,component_pass_from_205047_not_rescored_here,RawProviderConsensusRiskOn,CrossVenueMomentum,provider_raw_daily_consensus,ProviderRawDailyConsensusV1:provider_consensus_momentum,Bull -> RawProviderConsensusRiskOn -> CrossVenueMomentum -> ProviderRawDailyConsensusV1:provider_consensus_momentum,board-b-provider-raw-daily-consensus/v1,1d_hold_5,long_research_only_until_branch_rc_spa_passes,suppress_if_bull_raw_provider_branch_rc_spa_fails,long,1,230.57000732421875,225.91000366210935,-0.020210797215947873,0.001,-0.021210797215947874,2024,source_panel_daily_asof,yf_aapl,equity_single,1,0.0
board-b-provider-raw-daily-consensus/v1,20260511T212329+0800-codex-board-b-provider-raw-daily-consensus-v1,ProviderRawDailyConsensusV1,provider_consensus_momentum,AAPL/USD,1d,ProviderRawDailyConsensusV1:provider_consensus_momentum:AAPL/USD:1d:yf_aapl:478,2024-11-26T14:30:00+00:00,2024-12-04T14:30:00+00:00,2024-11-26,^IXIC,Bull,0.9797225384,0.6,14.100000381469728,component_pass_from_205047_not_rescored_here,RawProviderConsensusRiskOn,CrossVenueMomentum,provider_raw_daily_consensus,ProviderRawDailyConsensusV1:provider_consensus_momentum,Bull -> RawProviderConsensusRiskOn -> CrossVenueMomentum -> ProviderRawDailyConsensusV1:provider_consensus_momentum,board-b-provider-raw-daily-consensus/v1,1d_hold_5,long_research_only_until_branch_rc_spa_passes,suppress_if_bull_raw_provider_branch_rc_spa_fails,long,1,235.05999755859375,243.0099945068359,0.03382113941467413,0.001,0.03282113941467413,2024,source_panel_daily_asof,yf_aapl,equity_single,1,0.0
board-b-provider-raw-daily-consensus/v1,20260511T212329+0800-codex-board-b-provider-raw-daily-consensus-v1,ProviderRawDailyConsensusV1,provider_consensus_momentum,AAPL/USD,1d,ProviderRawDailyConsensusV1:provider_consensus_momentum:AAPL/USD:1d:yf_aapl:484,2024-12-05T14:30:00+00:00,2024-12-12T14:30:00+00:00,2024-12-05,^IXIC,Bull,0.9797225384,0.6,13.539999961853027,component_pass_from_205047_not_rescored_here,RawProviderConsensusRiskOn,CrossVenueMomentum,provider_raw_daily_consensus,ProviderRawDailyConsensusV1:provider_consensus_momentum,Bull -> RawProviderConsensusRiskOn -> CrossVenueMomentum -> ProviderRawDailyConsensusV1:provider_consensus_momentum,board-b-provider-raw-daily-consensus/v1,1d_hold_5,long_research_only_until_branch_rc_spa_passes,suppress_if_bull_raw_provider_branch_rc_spa_fails,long,1,243.0399932861328,247.9600067138672,0.020243637111781787,0.001,0.019243637111781786,2024,source_panel_daily_asof,yf_aapl,equity_single,1,0.0
board-b-provider-raw-daily-consensus/v1,20260511T212329+0800-codex-board-b-provider-raw-daily-consensus-v1,ProviderRawDailyConsensusV1,provider_consensus_momentum,AAPL/USD,1d,ProviderRawDailyConsensusV1:provider_consensus_momentum:AAPL/USD:1d:yf_aapl:490,2024-12-13T14:30:00+00:00,2024-12-20T14:30:00+00:00,2024-12-13,^IXIC,Bull,0.9797225384,0.8,13.8100004196167,component_pass_from_205047_not_rescored_here,RawProviderConsensusRiskOn,CrossVenueMomentum,provider_raw_daily_consensus,ProviderRawDailyConsensusV1:provider_consensus_momentum,Bull -> RawProviderConsensusRiskOn -> CrossVenueMomentum -> ProviderRawDailyConsensusV1:provider_consensus_momentum,board-b-provider-raw-daily-consensus/v1,1d_hold_5,long_research_only_until_branch_rc_spa_passes,suppress_if_bull_raw_provider_branch_rc_spa_fails,long,1,248.1300048828125,254.4900054931641,0.025631727260696735,0.001,0.024631727260696734,2024,source_panel_daily_asof,yf_aapl,equity_single,1,0.0
board-b-provider-raw-daily-consensus/v1,20260511T212329+0800-codex-board-b-provider-raw-daily-consensus-v1,ProviderRawDailyConsensusV1,provider_consensus_momentum,AAPL/USD,1d,ProviderRawDailyConsensusV1:provider_consensus_momentum:AAPL/USD:1d:yf_aapl:496,2024-12-23T14:30:00+00:00,2024-12-31T14:30:00+00:00,2024-12-23,^IXIC,Bull,0.9797225384,0.6,16.780000686645508,component_pass_from_205047_not_rescored_here,RawProviderConsensusRiskOn,CrossVenueMomentum,provider_raw_daily_consensus,ProviderRawDailyConsensusV1:provider_consensus_momentum,Bull -> RawProviderConsensusRiskOn -> CrossVenueMomentum -> ProviderRawDailyConsensusV1:provider_consensus_momentum,board-b-provider-raw-daily-consensus/v1,1d_hold_5,long_research_only_until_branch_rc_spa_passes,suppress_if_bull_raw_provider_branch_rc_spa_fails,long,1,255.27000427246097,250.4199981689453,-0.01899951432734348,0.001,-0.01999951432734348,2024,source_panel_daily_asof,yf_aapl,equity_single,1,0.0
board-b-provider-raw-daily-consensus/v1,20260511T212329+0800-codex-board-b-provider-raw-daily-consensus-v1,ProviderRawDailyConsensusV1,provider_consensus_momentum,AAPL/USD,1d,ProviderRawDailyConsensusV1:provider_consensus_momentum:AAPL/USD:1d:yf_aapl:504,2025-01-06T14:30:00+00:00,2025-01-14T14:30:00+00:00,2025-01-06,^IXIC,Bull,0.9797225384,0.6,16.040000915527344,component_pass_from_205047_not_rescored_here,RawProviderConsensusRiskOn,CrossVenueMomentum,provider_raw_daily_consensus,ProviderRawDailyConsensusV1:provider_consensus_momentum,Bull -> RawProviderConsensusRiskOn -> CrossVenueMomentum -> ProviderRawDailyConsensusV1:provider_consensus_momentum,board-b-provider-raw-daily-consensus/v1,1d_hold_5,long_research_only_until_branch_rc_spa_passes,suppress_if_bull_raw_provider_branch_rc_spa_fails,long,1,245.0,233.27999877929688,-0.04783673967633928,0.001,-0.04883673967633928,2025,source_panel_daily_asof,yf_aapl,equity_single,1,0.0
board-b-provider-raw-daily-consensus/v1,20260511T212329+0800-codex-board-b-provider-raw-daily-consensus-v1,ProviderRawDailyConsensusV1,provider_consensus_momentum,AAPL/USD,1d,ProviderRawDailyConsensusV1:provider_consensus_momentum:AAPL/USD:1d:yf_aapl:529,2025-02-12T14:30:00+00:00,2025-02-20T14:30:00+00:00,2025-02-12,^IXIC,Bull,0.9797225384,0.6,15.890000343322754,component_pass_from_205047_not_rescored_here,RawProviderConsensusRiskOn,CrossVenueMomentum,provider_raw_daily_consensus,ProviderRawDailyConsensusV1:provider_consensus_momentum,Bull -> RawProviderConsensusRiskOn -> CrossVenueMomentum -> ProviderRawDailyConsensusV1:provider_consensus_momentum,board-b-provider-raw-daily-consensus/v1,1d_hold_5,long_research_only_until_branch_rc_spa_passes,suppress_if_bull_raw_provider_branch_rc_spa_fails,long,1,236.8699951171875,245.8300018310547,0.037826685095486035,0.001,0.036826685095486034,2025,source_panel_daily_asof,yf_aapl,equity_single,1,0.0
board-b-provider-raw-daily-consensus/v1,20260511T212329+0800-codex-board-b-provider-raw-daily-consensus-v1,ProviderRawDailyConsensusV1,provider_consensus_momentum,AAPL/USD,1d,ProviderRawDailyConsensusV1:provider_consensus_momentum:AAPL/USD:1d:yf_aapl:590,2025-05-12T13:30:00+00:00,2025-05-19T13:30:00+00:00,2025-05-12,^IXIC,Bull,0.9797225384,0.6,18.38999938964844,component_pass_from_205047_not_rescored_here,RawProviderConsensusRiskOn,CrossVenueMomentum,provider_raw_daily_consensus,ProviderRawDailyConsensusV1:provider_consensus_momentum,Bull -> RawProviderConsensusRiskOn -> CrossVenueMomentum -> ProviderRawDailyConsensusV1:provider_consensus_momentum,board-b-provider-raw-daily-consensus/v1,1d_hold_5,long_research_only_until_branch_rc_spa_passes,suppress_if_bull_raw_provider_branch_rc_spa_fails,long,1,210.7899932861328,208.77999877929688,-0.009535530959040917,0.001,-0.010535530959040917,2025,source_panel_daily_asof,yf_aapl,equity_single,1,0.0
board-b-provider-raw-daily-consensus/v1,20260511T212329+0800-codex-board-b-provider-raw-daily-consensus-v1,ProviderRawDailyConsensusV1,provider_consensus_momentum,AAPL/USD,1d,ProviderRawDailyConsensusV1:provider_consensus_momentum:AAPL/USD:1d:yf_aapl:623,2025-06-30T13:30:00+00:00,2025-07-08T13:30:00+00:00,2025-06-30,^IXIC,Bull,0.9797225384,0.833,16.729999542236328,component_pass_from_205047_not_rescored_here,RawProviderConsensusRiskOn,CrossVenueMomentum,provider_raw_daily_consensus,ProviderRawDailyConsensusV1:provider_consensus_momentum,Bull -> RawProviderConsensusRiskOn -> CrossVenueMomentum -> ProviderRawDailyConsensusV1:provider_consensus_momentum,board-b-provider-raw-daily-consensus/v1,1d_hold_5,long_research_only_until_branch_rc_spa_passes,suppress_if_bull_raw_provider_branch_rc_spa_fails,long,1,205.1699981689453,210.0099945068359,0.02359017585946055,0.001,0.02259017585946055,2025,source_panel_daily_asof,yf_aapl,equity_single,1,0.0
board-b-provider-raw-daily-consensus/v1,20260511T212329+0800-codex-board-b-provider-raw-daily-consensus-v1,ProviderRawDailyConsensusV1,provider_consensus_momentum,AAPL/USD,1d,ProviderRawDailyConsensusV1:provider_consensus_momentum:AAPL/USD:1d:yf_aapl:629,2025-07-09T13:30:00+00:00,2025-07-16T13:30:00+00:00,2025-07-09,^IXIC,Bull,0.9797225384,1.0,15.9399995803833,component_pass_from_205047_not_rescored_here,RawProviderConsensusRiskOn,CrossVenueMomentum,provider_raw_daily_consensus,ProviderRawDailyConsensusV1:provider_consensus_momentum,Bull -> RawProviderConsensusRiskOn -> CrossVenueMomentum -> ProviderRawDailyConsensusV1:provider_consensus_momentum,board-b-provider-raw-daily-consensus/v1,1d_hold_5,long_research_only_until_branch_rc_spa_passes,suppress_if_bull_raw_provider_branch_rc_spa_fails,long,1,211.13999938964844,210.16000366210935,-0.004641449892829441,0.001,-0.005641449892829441,2025,source_panel_daily_asof,yf_aapl,equity_single,1,0.0
board-b-provider-raw-daily-consensus/v1,20260511T212329+0800-codex-board-b-provider-raw-daily-consensus-v1,ProviderRawDailyConsensusV1,provider_consensus_momentum,AAPL/USD,1d,ProviderRawDailyConsensusV1:provider_consensus_momentum:AAPL/USD:1d:yf_aapl:635,2025-07-17T13:30:00+00:00,2025-07-24T13:30:00+00:00,2025-07-17,^IXIC,Bull,0.9797225384,1.0,16.520000457763672,component_pass_from_205047_not_rescored_here,RawProviderConsensusRiskOn,CrossVenueMomentum,provider_raw_daily_consensus,ProviderRawDailyConsensusV1:provider_consensus_momentum,Bull -> RawProviderConsensusRiskOn -> CrossVenueMomentum -> ProviderRawDailyConsensusV1:provider_consensus_momentum,board-b-provider-raw-daily-consensus/v1,1d_hold_5,long_research_only_until_branch_rc_spa_passes,suppress_if_bull_raw_provider_branch_rc_spa_fails,long,1,210.02000427246097,213.7599945068359,0.0178077809651076,0.001,0.0168077809651076,2025,source_panel_daily_asof,yf_aapl,equity_single,1,0.0
board-b-provider-raw-daily-consensus/v1,20260511T212329+0800-codex-board-b-provider-raw-daily-consensus-v1,ProviderRawDailyConsensusV1,provider_consensus_momentum,AAPL/USD,1d,ProviderRawDailyConsensusV1:provider_consensus_momentum:AAPL/USD:1d:yf_aapl:641,2025-07-25T13:30:00+00:00,2025-08-01T13:30:00+00:00,2025-07-25,^IXIC,Bull,0.9797225384,0.8,14.93000030517578,component_pass_from_205047_not_rescored_here,RawProviderConsensusRiskOn,CrossVenueMomentum,provider_raw_daily_consensus,ProviderRawDailyConsensusV1:provider_consensus_momentum,Bull -> RawProviderConsensusRiskOn -> CrossVenueMomentum -> ProviderRawDailyConsensusV1:provider_consensus_momentum,board-b-provider-raw-daily-consensus/v1,1d_hold_5,long_research_only_until_branch_rc_spa_passes,suppress_if_bull_raw_provider_branch_rc_spa_fails,long,1,213.8800048828125,202.3800048828125,-0.0537684670724643,0.001,-0.0547684670724643,2025,source_panel_daily_asof,yf_aapl,equity_single,1,0.0
board-b-provider-raw-daily-consensus/v1,20260511T212329+0800-codex-board-b-provider-raw-daily-consensus-v1,ProviderRawDailyConsensusV1,provider_consensus_momentum,AAPL/USD,1d,ProviderRawDailyConsensusV1:provider_consensus_momentum:AAPL/USD:1d:yf_aapl:649,2025-08-06T13:30:00+00:00,2025-08-13T13:30:00+00:00,2025-08-06,^IXIC,Bull,0.9797225384,0.6,16.770000457763672,component_pass_from_205047_not_rescored_here,RawProviderConsensusRiskOn,CrossVenueMomentum,provider_raw_daily_consensus,ProviderRawDailyConsensusV1:provider_consensus_momentum,Bull -> RawProviderConsensusRiskOn -> CrossVenueMomentum -> ProviderRawDailyConsensusV1:provider_consensus_momentum,board-b-provider-raw-daily-consensus/v1,1d_hold_5,long_research_only_until_branch_rc_spa_passes,suppress_if_bull_raw_provider_branch_rc_spa_fails,long,1,213.25,233.3300018310547,0.09416179053249563,0.001,0.09316179053249563,2025,source_panel_daily_asof,yf_aapl,equity_single,1,0.0
board-b-provider-raw-daily-consensus/v1,20260511T212329+0800-codex-board-b-provider-raw-daily-consensus-v1,ProviderRawDailyConsensusV1,provider_consensus_momentum,AAPL/USD,1d,ProviderRawDailyConsensusV1:provider_consensus_momentum:AAPL/USD:1d:yf_aapl:655,2025-08-14T13:30:00+00:00,2025-08-21T13:30:00+00:00,2025-08-14,^IXIC,Bull,0.9797225384,0.6,14.829999923706056,component_pass_from_205047_not_rescored_here,RawProviderConsensusRiskOn,CrossVenueMomentum,provider_raw_daily_consensus,ProviderRawDailyConsensusV1:provider_consensus_momentum,Bull -> RawProviderConsensusRiskOn -> CrossVenueMomentum -> ProviderRawDailyConsensusV1:provider_consensus_momentum,board-b-provider-raw-daily-consensus/v1,1d_hold_5,long_research_only_until_branch_rc_spa_passes,suppress_if_bull_raw_provider_branch_rc_spa_fails,long,1,232.77999877929688,224.8999938964844,-0.033851726626580425,0.001,-0.034851726626580426,2025,source_panel_daily_asof,yf_aapl,equity_single,1,0.0
board-b-provider-raw-daily-consensus/v1,20260511T212329+0800-codex-board-b-provider-raw-daily-consensus-v1,ProviderRawDailyConsensusV1,provider_consensus_momentum,AAPL/USD,1d,ProviderRawDailyConsensusV1:provider_consensus_momentum:AAPL/USD:1d:yf_aapl:661,2025-08-22T13:30:00+00:00,2025-08-29T13:30:00+00:00,2025-08-22,^IXIC,Bull,0.9797225384,0.6,14.220000267028809,component_pass_from_205047_not_rescored_here,RawProviderConsensusRiskOn,CrossVenueMomentum,provider_raw_daily_consensus,ProviderRawDailyConsensusV1:provider_consensus_momentum,Bull -> RawProviderConsensusRiskOn -> CrossVenueMomentum -> ProviderRawDailyConsensusV1:provider_consensus_momentum,board-b-provider-raw-daily-consensus/v1,1d_hold_5,long_research_only_until_branch_rc_spa_passes,suppress_if_bull_raw_provider_branch_rc_spa_fails,long,1,227.7599945068359,232.13999938964844,0.019230791132992753,0.001,0.018230791132992752,2025,source_panel_daily_asof,yf_aapl,equity_single,1,0.0
board-b-provider-raw-daily-consensus/v1,20260511T212329+0800-codex-board-b-provider-raw-daily-consensus-v1,ProviderRawDailyConsensusV1,provider_consensus_momentum,AAPL/USD,1d,ProviderRawDailyConsensusV1:provider_consensus_momentum:AAPL/USD:1d:yf_aapl:667,2025-09-02T13:30:00+00:00,2025-09-09T13:30:00+00:00,2025-09-02,^IXIC,Bull,0.9797225384,0.6,17.170000076293945,component_pass_from_205047_not_rescored_here,RawProviderConsensusRiskOn,CrossVenueMomentum,provider_raw_daily_consensus,ProviderRawDailyConsensusV1:provider_consensus_momentum,Bull -> RawProviderConsensusRiskOn -> CrossVenueMomentum -> ProviderRawDailyConsensusV1:provider_consensus_momentum,board-b-provider-raw-daily-consensus/v1,1d_hold_5,long_research_only_until_branch_rc_spa_passes,suppress_if_bull_raw_provider_branch_rc_spa_fails,long,1,229.72000122070312,234.3500061035156,0.02015499241776597,0.001,0.01915499241776597,2025,source_panel_daily_asof,yf_aapl,equity_single,1,0.0
board-b-provider-raw-daily-consensus/v1,20260511T212329+0800-codex-board-b-provider-raw-daily-consensus-v1,ProviderRawDailyConsensusV1,provider_consensus_momentum,AAPL/USD,1d,ProviderRawDailyConsensusV1:provider_consensus_momentum:AAPL/USD:1d:yf_aapl:675,2025-09-12T13:30:00+00:00,2025-09-19T13:30:00+00:00,2025-09-12,^IXIC,Bull,0.9797225384,0.8,14.760000228881836,component_pass_from_205047_not_rescored_here,RawProviderConsensusRiskOn,CrossVenueMomentum,provider_raw_daily_consensus,ProviderRawDailyConsensusV1:provider_consensus_momentum,Bull -> RawProviderConsensusRiskOn -> CrossVenueMomentum -> ProviderRawDailyConsensusV1:provider_consensus_momentum,board-b-provider-raw-daily-consensus/v1,1d_hold_5,long_research_only_until_branch_rc_spa_passes,suppress_if_bull_raw_provider_branch_rc_spa_fails,long,1,234.07000732421875,245.5,0.04883151329998969,0.001,0.04783151329998969,2025,source_panel_daily_asof,yf_aapl,equity_single,1,0.0
board-b-provider-raw-daily-consensus/v1,20260511T212329+0800-codex-board-b-provider-raw-daily-consensus-v1,ProviderRawDailyConsensusV1,provider_consensus_momentum,AAPL/USD,1d,ProviderRawDailyConsensusV1:provider_consensus_momentum:AAPL/USD:1d:yf_aapl:681,2025-09-22T13:30:00+00:00,2025-09-29T13:30:00+00:00,2025-09-22,^IXIC,Bull,0.9797225384,1.0,16.100000381469727,component_pass_from_205047_not_rescored_here,RawProviderConsensusRiskOn,CrossVenueMomentum,provider_raw_daily_consensus,ProviderRawDailyConsensusV1:provider_consensus_momentum,Bull -> RawProviderConsensusRiskOn -> CrossVenueMomentum -> ProviderRawDailyConsensusV1:provider_consensus_momentum,board-b-provider-raw-daily-consensus/v1,1d_hold_5,long_research_only_until_branch_rc_spa_passes,suppress_if_bull_raw_provider_branch_rc_spa_fails,long,1,256.0799865722656,254.42999267578125,-0.006443275472520216,0.001,-0.007443275472520216,2025,source_panel_daily_asof,yf_aapl,equity_single,1,0.0
board-b-provider-raw-daily-consensus/v1,20260511T212329+0800-codex-board-b-provider-raw-daily-consensus-v1,ProviderRawDailyConsensusV1,provider_consensus_momentum,AAPL/USD,1d,ProviderRawDailyConsensusV1:provider_consensus_momentum:AAPL/USD:1d:yf_aapl:687,2025-09-30T13:30:00+00:00,2025-10-07T13:30:00+00:00,2025-09-30,^IXIC,Bull,0.9797225384,1.0,16.280000686645508,component_pass_from_205047_not_rescored_here,RawProviderConsensusRiskOn,CrossVenueMomentum,provider_raw_daily_consensus,ProviderRawDailyConsensusV1:provider_consensus_momentum,Bull -> RawProviderConsensusRiskOn -> CrossVenueMomentum -> ProviderRawDailyConsensusV1:provider_consensus_momentum,board-b-provider-raw-daily-consensus/v1,1d_hold_5,long_research_only_until_branch_rc_spa_passes,suppress_if_bull_raw_provider_branch_rc_spa_fails,long,1,254.6300048828125,256.4800109863281,0.007265467808348136,0.001,0.006265467808348136,2025,source_panel_daily_asof,yf_aapl,equity_single,1,0.0
board-b-provider-raw-daily-consensus/v1,20260511T212329+0800-codex-board-b-provider-raw-daily-consensus-v1,ProviderRawDailyConsensusV1,provider_consensus_momentum,AAPL/USD,1d,ProviderRawDailyConsensusV1:provider_consensus_momentum:AAPL/USD:1d:yf_aapl:693,2025-10-08T13:30:00+00:00,2025-10-15T13:30:00+00:00,2025-10-08,^IXIC,Bull,0.9797225384,0.833,16.299999237060547,component_pass_from_205047_not_rescored_here,RawProviderConsensusRiskOn,CrossVenueMomentum,provider_raw_daily_consensus,ProviderRawDailyConsensusV1:provider_consensus_momentum,Bull -> RawProviderConsensusRiskOn -> CrossVenueMomentum -> ProviderRawDailyConsensusV1:provider_consensus_momentum,board-b-provider-raw-daily-consensus/v1,1d_hold_5,long_research_only_until_branch_rc_spa_passes,suppress_if_bull_raw_provider_branch_rc_spa_fails,long,1,258.05999755859375,249.33999633789065,-0.033790596385335436,0.001,-0.03479059638533544,2025,source_panel_daily_asof,yf_aapl,equity_single,1,0.0
board-b-provider-raw-daily-consensus/v1,20260511T212329+0800-codex-board-b-provider-raw-daily-consensus-v1,ProviderRawDailyConsensusV1,provider_consensus_momentum,AAPL/USD,1d,ProviderRawDailyConsensusV1:provider_consensus_momentum:AAPL/USD:1d:yf_aapl:699,2025-10-16T13:30:00+00:00,2025-10-23T13:30:00+00:00,2025-10-16,^IXIC,Bull,0.9797225384,0.6,25.309999465942383,component_pass_from_205047_not_rescored_here,RawProviderConsensusRiskOn,CrossVenueMomentum,provider_raw_daily_consensus,ProviderRawDailyConsensusV1:provider_consensus_momentum,Bull -> RawProviderConsensusRiskOn -> CrossVenueMomentum -> ProviderRawDailyConsensusV1:provider_consensus_momentum,board-b-provider-raw-daily-consensus/v1,1d_hold_5,long_research_only_until_branch_rc_spa_passes,suppress_if_bull_raw_provider_branch_rc_spa_fails,long,1,247.4499969482422,259.5799865722656,0.04901996271416653,0.001,0.04801996271416653,2025,source_panel_daily_asof,yf_aapl,equity_single,1,0.0
board-b-provider-raw-daily-consensus/v1,20260511T212329+0800-codex-board-b-provider-raw-daily-consensus-v1,ProviderRawDailyConsensusV1,provider_consensus_momentum,AAPL/USD,1d,ProviderRawDailyConsensusV1:provider_consensus_momentum:AAPL/USD:1d:yf_aapl:705,2025-10-24T13:30:00+00:00,2025-10-31T13:30:00+00:00,2025-10-24,^IXIC,Bull,0.9797225384,0.6,16.3700008392334,component_pass_from_205047_not_rescored_here,RawProviderConsensusRiskOn,CrossVenueMomentum,provider_raw_daily_consensus,ProviderRawDailyConsensusV1:provider_consensus_momentum,Bull -> RawProviderConsensusRiskOn -> CrossVenueMomentum -> ProviderRawDailyConsensusV1:provider_consensus_momentum,board-b-provider-raw-daily-consensus/v1,1d_hold_5,long_research_only_until_branch_rc_spa_passes,suppress_if_bull_raw_provider_branch_rc_spa_fails,long,1,262.82000732421875,270.3699951171875,0.02872683807384191,0.001,0.02772683807384191,2025,source_panel_daily_asof,yf_aapl,equity_single,1,0.0
board-b-provider-raw-daily-consensus/v1,20260511T212329+0800-codex-board-b-provider-raw-daily-consensus-v1,ProviderRawDailyConsensusV1,provider_consensus_momentum,AAPL/USD,1d,ProviderRawDailyConsensusV1:provider_consensus_momentum:AAPL/USD:1d:yf_aapl:711,2025-11-03T14:30:00+00:00,2025-11-10T14:30:00+00:00,2025-11-03,^IXIC,Bull,0.9797225384,0.8,17.170000076293945,component_pass_from_205047_not_rescored_here,RawProviderConsensusRiskOn,CrossVenueMomentum,provider_raw_daily_consensus,ProviderRawDailyConsensusV1:provider_consensus_momentum,Bull -> RawProviderConsensusRiskOn -> CrossVenueMomentum -> ProviderRawDailyConsensusV1:provider_consensus_momentum,board-b-provider-raw-daily-consensus/v1,1d_hold_5,long_research_only_until_branch_rc_spa_passes,suppress_if_bull_raw_provider_branch_rc_spa_fails,long,1,269.04998779296875,269.42999267578125,0.0014123950940481134,0.001,0.00041239509404811334,2025,source_panel_daily_asof,yf_aapl,equity_single,1,0.0
board-b-provider-raw-daily-consensus/v1,20260511T212329+0800-codex-board-b-provider-raw-daily-consensus-v1,ProviderRawDailyConsensusV1,provider_consensus_momentum,AAPL/USD,1d,ProviderRawDailyConsensusV1:provider_consensus_momentum:AAPL/USD:1d:yf_aapl:717,2025-11-11T14:30:00+00:00,2025-11-18T14:30:00+00:00,2025-11-11,^IXIC,Bull,0.9797225384,0.6,17.280000686645508,component_pass_from_205047_not_rescored_here,RawProviderConsensusRiskOn,CrossVenueMomentum,provider_raw_daily_consensus,ProviderRawDailyConsensusV1:provider_consensus_momentum,Bull -> RawProviderConsensusRiskOn -> CrossVenueMomentum -> ProviderRawDailyConsensusV1:provider_consensus_momentum,board-b-provider-raw-daily-consensus/v1,1d_hold_5,long_research_only_until_branch_rc_spa_passes,suppress_if_bull_raw_provider_branch_rc_spa_fails,long,1,275.25,267.44000244140625,-0.028374196398160745,0.001,-0.029374196398160746,2025,source_panel_daily_asof,yf_aapl,equity_single,1,0.0
board-b-provider-raw-daily-consensus/v1,20260511T212329+0800-codex-board-b-provider-raw-daily-consensus-v1,ProviderRawDailyConsensusV1,provider_consensus_momentum,AAPL/USD,1d,ProviderRawDailyConsensusV1:provider_consensus_momentum:AAPL/USD:1d:yf_aapl:732,2025-12-03T14:30:00+00:00,2025-12-10T14:30:00+00:00,2025-12-03,^IXIC,Bull,0.9797225384,0.6,16.079999923706055,component_pass_from_205047_not_rescored_here,RawProviderConsensusRiskOn,CrossVenueMomentum,provider_raw_daily_consensus,ProviderRawDailyConsensusV1:provider_consensus_momentum,Bull -> RawProviderConsensusRiskOn -> CrossVenueMomentum -> ProviderRawDailyConsensusV1:provider_consensus_momentum,board-b-provider-raw-daily-consensus/v1,1d_hold_5,long_research_only_until_branch_rc_spa_passes,suppress_if_bull_raw_provider_branch_rc_spa_fails,long,1,284.1499938964844,278.7799987792969,-0.018898452340434635,0.001,-0.019898452340434636,2025,source_panel_daily_asof,yf_aapl,equity_single,1,0.0
board-b-provider-raw-daily-consensus/v1,20260511T212329+0800-codex-board-b-provider-raw-daily-consensus-v1,ProviderRawDailyConsensusV1,provider_consensus_momentum,AAPL/USD,1d,ProviderRawDailyConsensusV1:provider_consensus_momentum:AAPL/USD:1d:yf_aapl:738,2025-12-11T14:30:00+00:00,2025-12-18T14:30:00+00:00,2025-12-11,^IXIC,Bull,0.9797225384,0.8,14.850000381469728,component_pass_from_205047_not_rescored_here,RawProviderConsensusRiskOn,CrossVenueMomentum,provider_raw_daily_consensus,ProviderRawDailyConsensusV1:provider_consensus_momentum,Bull -> RawProviderConsensusRiskOn -> CrossVenueMomentum -> ProviderRawDailyConsensusV1:provider_consensus_momentum,board-b-provider-raw-daily-consensus/v1,1d_hold_5,long_research_only_until_branch_rc_spa_passes,suppress_if_bull_raw_provider_branch_rc_spa_fails,long,1,278.0299987792969,272.19000244140625,-0.02100491444639563,0.001,-0.02200491444639563,2025,source_panel_daily_asof,yf_aapl,equity_single,1,0.0
board-b-provider-raw-daily-consensus/v1,20260511T212329+0800-codex-board-b-provider-raw-daily-consensus-v1,ProviderRawDailyConsensusV1,provider_consensus_momentum,AAPL/USD,1d,ProviderRawDailyConsensusV1:provider_consensus_momentum:AAPL/USD:1d:yf_aapl:744,2025-12-19T14:30:00+00:00,2025-12-29T14:30:00+00:00,2025-12-19,^IXIC,Bull,0.9797225384,0.833,14.90999984741211,component_pass_from_205047_not_rescored_here,RawProviderConsensusRiskOn,CrossVenueMomentum,provider_raw_daily_consensus,ProviderRawDailyConsensusV1:provider_consensus_momentum,Bull -> RawProviderConsensusRiskOn -> CrossVenueMomentum -> ProviderRawDailyConsensusV1:provider_consensus_momentum,board-b-provider-raw-daily-consensus/v1,1d_hold_5,long_research_only_until_branch_rc_spa_passes,suppress_if_bull_raw_provider_branch_rc_spa_fails,long,1,273.6700134277344,273.760009765625,0.00032884983182279726,0.001,-0.0006711501681772028,2025,source_panel_daily_asof,yf_aapl,equity_single,1,0.0
board-b-provider-raw-daily-consensus/v1,20260511T212329+0800-codex-board-b-provider-raw-daily-consensus-v1,ProviderRawDailyConsensusV1,provider_pullback_reclaim,AAPL/USD,1d,ProviderRawDailyConsensusV1:provider_pullback_reclaim:AAPL/USD:1d:yf_aapl:504,2025-01-06T14:30:00+00:00,2025-01-13T14:30:00+00:00,2025-01-06,^IXIC,Bull,0.9797225384,0.6,16.040000915527344,component_pass_from_205047_not_rescored_here,RawProviderConsensusRiskOn,CrossVenueMomentum,provider_raw_daily_consensus,ProviderRawDailyConsensusV1:provider_pullback_reclaim,Bull -> RawProviderConsensusRiskOn -> CrossVenueMomentum -> ProviderRawDailyConsensusV1:provider_pullback_reclaim,board-b-provider-raw-daily-consensus/v1,1d_hold_4,long_research_only_until_branch_rc_spa_passes,suppress_if_bull_raw_provider_branch_rc_spa_fails,long,1,245.0,234.3999938964844,-0.04326533103475749,0.001,-0.044265331034757494,2025,source_panel_daily_asof,yf_aapl,equity_single,1,0.0
board-b-provider-raw-daily-consensus/v1,20260511T212329+0800-codex-board-b-provider-raw-daily-consensus-v1,ProviderRawDailyConsensusV1,provider_pullback_reclaim,AAPL/USD,1d,ProviderRawDailyConsensusV1:provider_pullback_reclaim:AAPL/USD:1d:yf_aapl:744,2025-12-19T14:30:00+00:00,2025-12-26T14:30:00+00:00,2025-12-19,^IXIC,Bull,0.9797225384,0.833,14.90999984741211,component_pass_from_205047_not_rescored_here,RawProviderConsensusRiskOn,CrossVenueMomentum,provider_raw_daily_consensus,ProviderRawDailyConsensusV1:provider_pullback_reclaim,Bull -> RawProviderConsensusRiskOn -> CrossVenueMomentum -> ProviderRawDailyConsensusV1:provider_pullback_reclaim,board-b-provider-raw-daily-consensus/v1,1d_hold_4,long_research_only_until_branch_rc_spa_passes,suppress_if_bull_raw_provider_branch_rc_spa_fails,long,1,273.6700134277344,273.3999938964844,-0.0009866610077881033,0.001,-0.0019866610077881033,2025,source_panel_daily_asof,yf_aapl,equity_single,1,0.0
board-b-provider-raw-daily-consensus/v1,20260511T212329+0800-codex-board-b-provider-raw-daily-consensus-v1,ProviderRawDailyConsensusV1,provider_breakdown_short,AAPL/USD,1d,ProviderRawDailyConsensusV1:provider_breakdown_short:AAPL/USD:1d:yf_aapl:154,2023-08-15T13:30:00+00:00,2023-08-22T13:30:00+00:00,2023-08-15,^IXIC,Bear,0.963920242,0.5,16.459999084472656,component_pass_from_205047_not_rescored_here,RawProviderRiskOff,DefensiveOrBreakdown,provider_raw_daily_consensus,ProviderRawDailyConsensusV1:provider_breakdown_short,Bear -> RawProviderRiskOff -> DefensiveOrBreakdown -> ProviderRawDailyConsensusV1:provider_breakdown_short,board-b-provider-raw-daily-consensus/v1,1d_hold_5,short_or_defensive_research_only_until_branch_rc_spa_passes,suppress_if_bear_raw_provider_branch_rc_spa_fails,short,-1,177.4499969482422,177.22999572753906,0.0012397927556306865,0.001,0.00023979275563068645,2023,source_panel_daily_asof,yf_aapl,equity_single,1,0.0
board-b-provider-raw-daily-consensus/v1,20260511T212329+0800-codex-board-b-provider-raw-daily-consensus-v1,ProviderRawDailyConsensusV1,provider_breakdown_short,AAPL/USD,1d,ProviderRawDailyConsensusV1:provider_breakdown_short:AAPL/USD:1d:yf_aapl:184,2023-09-27T13:30:00+00:00,2023-10-04T13:30:00+00:00,2023-09-27,^IXIC,Bear,0.963920242,0.667,18.219999313354492,component_pass_from_205047_not_rescored_here,RawProviderRiskOff,DefensiveOrBreakdown,provider_raw_daily_consensus,ProviderRawDailyConsensusV1:provider_breakdown_short,Bear -> RawProviderRiskOff -> DefensiveOrBreakdown -> ProviderRawDailyConsensusV1:provider_breakdown_short,board-b-provider-raw-daily-consensus/v1,1d_hold_5,short_or_defensive_research_only_until_branch_rc_spa_passes,suppress_if_bear_raw_provider_branch_rc_spa_fails,short,-1,170.42999267578125,173.66000366210938,-0.01895212770719734,0.001,-0.019952127707197342,2023,source_panel_daily_asof,yf_aapl,equity_single,1,0.0
board-b-provider-raw-daily-consensus/v1,20260511T212329+0800-codex-board-b-provider-raw-daily-consensus-v1,ProviderRawDailyConsensusV1,provider_breakdown_short,AAPL/USD,1d,ProviderRawDailyConsensusV1:provider_breakdown_short:AAPL/USD:1d:yf_aapl:325,2024-04-19T13:30:00+00:00,2024-04-26T13:30:00+00:00,2024-04-19,^IXIC,Bear,0.963920242,0.6,18.709999084472656,component_pass_from_205047_not_rescored_here,RawProviderRiskOff,DefensiveOrBreakdown,provider_raw_daily_consensus,ProviderRawDailyConsensusV1:provider_breakdown_short,Bear -> RawProviderRiskOff -> DefensiveOrBreakdown -> ProviderRawDailyConsensusV1:provider_breakdown_short,board-b-provider-raw-daily-consensus/v1,1d_hold_5,short_or_defensive_research_only_until_branch_rc_spa_passes,suppress_if_bear_raw_provider_branch_rc_spa_fails,short,-1,165.0,169.3000030517578,-0.026060624556107914,0.001,-0.027060624556107915,2024,source_panel_daily_asof,yf_aapl,equity_single,1,0.0
board-b-provider-raw-daily-consensus/v1,20260511T212329+0800-codex-board-b-provider-raw-daily-consensus-v1,ProviderRawDailyConsensusV1,provider_breakdown_short,AAPL/USD,1d,ProviderRawDailyConsensusV1:provider_breakdown_short:AAPL/USD:1d:yf_aapl:397,2024-08-02T13:30:00+00:00,2024-08-09T13:30:00+00:00,2024-08-02,^IXIC,Bear,0.963920242,0.667,23.38999938964844,component_pass_from_205047_not_rescored_here,RawProviderRiskOff,DefensiveOrBreakdown,provider_raw_daily_consensus,ProviderRawDailyConsensusV1:provider_breakdown_short,Bear -> RawProviderRiskOff -> DefensiveOrBreakdown -> ProviderRawDailyConsensusV1:provider_breakdown_short,board-b-provider-raw-daily-consensus/v1,1d_hold_5,short_or_defensive_research_only_until_branch_rc_spa_passes,suppress_if_bear_raw_provider_branch_rc_spa_fails,short,-1,219.86000061035156,216.2400054931641,0.0164650009421361,0.001,0.015465000942136098,2024,source_panel_daily_asof,yf_aapl,equity_single,1,0.0
board-b-provider-raw-daily-consensus/v1,20260511T212329+0800-codex-board-b-provider-raw-daily-consensus-v1,ProviderRawDailyConsensusV1,provider_breakdown_short,AAPL/USD,1d,ProviderRawDailyConsensusV1:provider_breakdown_short:AAPL/USD:1d:yf_aapl:541,2025-03-03T14:30:00+00:00,2025-03-10T13:30:00+00:00,2025-03-03,^IXIC,Bear,0.963920242,0.6,22.780000686645508,component_pass_from_205047_not_rescored_here,RawProviderRiskOff,DefensiveOrBreakdown,provider_raw_daily_consensus,ProviderRawDailyConsensusV1:provider_breakdown_short,Bear -> RawProviderRiskOff -> DefensiveOrBreakdown -> ProviderRawDailyConsensusV1:provider_breakdown_short,board-b-provider-raw-daily-consensus/v1,1d_hold_5,short_or_defensive_research_only_until_branch_rc_spa_passes,suppress_if_bear_raw_provider_branch_rc_spa_fails,short,-1,238.02999877929688,227.47999572753903,0.044322157315725086,0.001,0.043322157315725085,2025,source_panel_daily_asof,yf_aapl,equity_single,1,0.0
board-b-provider-raw-daily-consensus/v1,20260511T212329+0800-codex-board-b-provider-raw-daily-consensus-v1,ProviderRawDailyConsensusV1,provider_breakdown_short,AAPL/USD,1d,ProviderRawDailyConsensusV1:provider_breakdown_short:AAPL/USD:1d:yf_aapl:547,2025-03-11T13:30:00+00:00,2025-03-18T13:30:00+00:00,2025-03-11,^IXIC,Bear,0.963920242,0.667,26.920000076293945,component_pass_from_205047_not_rescored_here,RawProviderRiskOff,DefensiveOrBreakdown,provider_raw_daily_consensus,ProviderRawDailyConsensusV1:provider_breakdown_short,Bear -> RawProviderRiskOff -> DefensiveOrBreakdown -> ProviderRawDailyConsensusV1:provider_breakdown_short,board-b-provider-raw-daily-consensus/v1,1d_hold_5,short_or_defensive_research_only_until_branch_rc_spa_passes,suppress_if_bear_raw_provider_branch_rc_spa_fails,short,-1,220.83999633789065,212.69000244140625,0.03690451925209559,0.001,0.03590451925209559,2025,source_panel_daily_asof,yf_aapl,equity_single,1,0.0
board-b-provider-raw-daily-consensus/v1,20260511T212329+0800-codex-board-b-provider-raw-daily-consensus-v1,ProviderRawDailyConsensusV1,provider_breakdown_short,AAPL/USD,1d,ProviderRawDailyConsensusV1:provider_breakdown_short:AAPL/USD:1d:yf_aapl:553,2025-03-19T13:30:00+00:00,2025-03-26T13:30:00+00:00,2025-03-19,^IXIC,Bear,0.963920242,0.5,19.899999618530273,component_pass_from_205047_not_rescored_here,RawProviderRiskOff,DefensiveOrBreakdown,provider_raw_daily_consensus,ProviderRawDailyConsensusV1:provider_breakdown_short,Bear -> RawProviderRiskOff -> DefensiveOrBreakdown -> ProviderRawDailyConsensusV1:provider_breakdown_short,board-b-provider-raw-daily-consensus/v1,1d_hold_5,short_or_defensive_research_only_until_branch_rc_spa_passes,suppress_if_bear_raw_provider_branch_rc_spa_fails,short,-1,215.2400054931641,221.52999877929688,-0.02922316077683118,0.001,-0.03022316077683118,2025,source_panel_daily_asof,yf_aapl,equity_single,1,0.0
board-b-provider-raw-daily-consensus/v1,20260511T212329+0800-codex-board-b-provider-raw-daily-consensus-v1,ProviderRawDailyConsensusV1,provider_breakdown_short,AAPL/USD,1d,ProviderRawDailyConsensusV1:provider_breakdown_short:AAPL/USD:1d:yf_aapl:564,2025-04-03T13:30:00+00:00,2025-04-10T13:30:00+00:00,2025-04-03,^IXIC,Bear,0.963920242,0.5,30.020000457763672,component_pass_from_205047_not_rescored_here,RawProviderRiskOff,DefensiveOrBreakdown,provider_raw_daily_consensus,ProviderRawDailyConsensusV1:provider_breakdown_short,Bear -> RawProviderRiskOff -> DefensiveOrBreakdown -> ProviderRawDailyConsensusV1:provider_breakdown_short,board-b-provider-raw-daily-consensus/v1,1d_hold_5,short_or_defensive_research_only_until_branch_rc_spa_passes,suppress_if_bear_raw_provider_branch_rc_spa_fails,short,-1,203.19000244140625,190.4199981689453,0.06284760135353318,0.001,0.06184760135353318,2025,source_panel_daily_asof,yf_aapl,equity_single,1,0.0
board-b-provider-raw-daily-consensus/v1,20260511T212329+0800-codex-board-b-provider-raw-daily-consensus-v1,ProviderRawDailyConsensusV1,provider_breakdown_short,AAPL/USD,1d,ProviderRawDailyConsensusV1:provider_breakdown_short:AAPL/USD:1d:yf_aapl:570,2025-04-11T13:30:00+00:00,2025-04-21T13:30:00+00:00,2025-04-11,^IXIC,Bear,0.963920242,0.5,37.560001373291016,component_pass_from_205047_not_rescored_here,RawProviderRiskOff,DefensiveOrBreakdown,provider_raw_daily_consensus,ProviderRawDailyConsensusV1:provider_breakdown_short,Bear -> RawProviderRiskOff -> DefensiveOrBreakdown -> ProviderRawDailyConsensusV1:provider_breakdown_short,board-b-provider-raw-daily-consensus/v1,1d_hold_5,short_or_defensive_research_only_until_branch_rc_spa_passes,suppress_if_bear_raw_provider_branch_rc_spa_fails,short,-1,198.1499938964844,193.16000366210935,0.025182893707187737,0.001,0.024182893707187736,2025,source_panel_daily_asof,yf_aapl,equity_single,1,0.0
board-b-provider-raw-daily-consensus/v1,20260511T212329+0800-codex-board-b-provider-raw-daily-consensus-v1,ProviderRawDailyConsensusV1,dispersion_reversion,AAPL/USD,1d,ProviderRawDailyConsensusV1:dispersion_reversion:AAPL/USD:1d:yf_aapl:36,2023-02-24T14:30:00+00:00,2023-03-01T14:30:00+00:00,2023-02-24,^IXIC,Sideways,0.9529358324,0.375,21.670000076293945,component_pass_from_205047_not_rescored_here,RawProviderRange,DispersionReversion,provider_raw_daily_consensus,ProviderRawDailyConsensusV1:dispersion_reversion,Sideways -> RawProviderRange -> DispersionReversion -> ProviderRawDailyConsensusV1:dispersion_reversion,board-b-provider-raw-daily-consensus/v1,1d_hold_3,long_short_research_only_until_branch_rc_spa_passes,suppress_if_sideways_raw_provider_branch_rc_spa_fails,long,1,146.7100067138672,145.30999755859375,-0.009542697097710051,0.001,-0.010542697097710052,2023,source_panel_daily_asof,yf_aapl,equity_single,1,0.0
board-b-provider-raw-daily-consensus/v1,20260511T212329+0800-codex-board-b-provider-raw-daily-consensus-v1,ProviderRawDailyConsensusV1,dispersion_reversion,AAPL/USD,1d,ProviderRawDailyConsensusV1:dispersion_reversion:AAPL/USD:1d:yf_aapl:40,2023-03-02T14:30:00+00:00,2023-03-07T14:30:00+00:00,2023-03-02,^IXIC,Sideways,0.9529358324,0.5,19.59000015258789,component_pass_from_205047_not_rescored_here,RawProviderRange,DispersionReversion,provider_raw_daily_consensus,ProviderRawDailyConsensusV1:dispersion_reversion,Sideways -> RawProviderRange -> DispersionReversion -> ProviderRawDailyConsensusV1:dispersion_reversion,board-b-provider-raw-daily-consensus/v1,1d_hold_3,long_short_research_only_until_branch_rc_spa_passes,suppress_if_sideways_raw_provider_branch_rc_spa_fails,long,1,145.91000366210938,151.60000610351562,0.03899665751899262,0.001,0.037996657518992616,2023,source_panel_daily_asof,yf_aapl,equity_single,1,0.0
board-b-provider-raw-daily-consensus/v1,20260511T212329+0800-codex-board-b-provider-raw-daily-consensus-v1,ProviderRawDailyConsensusV1,dispersion_reversion,AAPL/USD,1d,ProviderRawDailyConsensusV1:dispersion_reversion:AAPL/USD:1d:yf_aapl:49,2023-03-15T13:30:00+00:00,2023-03-20T13:30:00+00:00,2023-03-15,^IXIC,Sideways,0.9529358324,0.333,26.13999938964844,component_pass_from_205047_not_rescored_here,RawProviderRange,DispersionReversion,provider_raw_daily_consensus,ProviderRawDailyConsensusV1:dispersion_reversion,Sideways -> RawProviderRange -> DispersionReversion -> ProviderRawDailyConsensusV1:dispersion_reversion,board-b-provider-raw-daily-consensus/v1,1d_hold_3,long_short_research_only_until_branch_rc_spa_passes,suppress_if_sideways_raw_provider_branch_rc_spa_fails,short,-1,152.99000549316406,157.39999389648438,-0.02882533659048314,0.001,-0.029825336590483142,2023,source_panel_daily_asof,yf_aapl,equity_single,1,0.0
board-b-provider-raw-daily-consensus/v1,20260511T212329+0800-codex-board-b-provider-raw-daily-consensus-v1,ProviderRawDailyConsensusV1,dispersion_reversion,AAPL/USD,1d,ProviderRawDailyConsensusV1:dispersion_reversion:AAPL/USD:1d:yf_aapl:164,2023-08-29T13:30:00+00:00,2023-09-01T13:30:00+00:00,2023-08-29,^IXIC,Sideways,0.9529358324,0.5,14.449999809265137,component_pass_from_205047_not_rescored_here,RawProviderRange,DispersionReversion,provider_raw_daily_consensus,ProviderRawDailyConsensusV1:dispersion_reversion,Sideways -> RawProviderRange -> DispersionReversion -> ProviderRawDailyConsensusV1:dispersion_reversion,board-b-provider-raw-daily-consensus/v1,1d_hold_3,long_short_research_only_until_branch_rc_spa_passes,suppress_if_sideways_raw_provider_branch_rc_spa_fails,short,-1,184.1199951171875,189.4600067138672,-0.029002887998562654,0.001,-0.030002887998562655,2023,source_panel_daily_asof,yf_aapl,equity_single,1,0.0
board-b-provider-raw-daily-consensus/v1,20260511T212329+0800-codex-board-b-provider-raw-daily-consensus-v1,ProviderRawDailyConsensusV1,dispersion_reversion,AAPL/USD,1d,ProviderRawDailyConsensusV1:dispersion_reversion:AAPL/USD:1d:yf_aapl:191,2023-10-06T13:30:00+00:00,2023-10-11T13:30:00+00:00,2023-10-06,^IXIC,Sideways,0.9529358324,0.8,17.450000762939453,component_pass_from_205047_not_rescored_here,RawProviderRange,DispersionReversion,provider_raw_daily_consensus,ProviderRawDailyConsensusV1:dispersion_reversion,Sideways -> RawProviderRange -> DispersionReversion -> ProviderRawDailyConsensusV1:dispersion_reversion,board-b-provider-raw-daily-consensus/v1,1d_hold_3,long_short_research_only_until_branch_rc_spa_passes,suppress_if_sideways_raw_provider_branch_rc_spa_fails,short,-1,177.49000549316406,179.8000030517578,-0.013014803578237144,0.001,-0.014014803578237145,2023,source_panel_daily_asof,yf_aapl,equity_single,1,0.0
board-b-provider-raw-daily-consensus/v1,20260511T212329+0800-codex-board-b-provider-raw-daily-consensus-v1,ProviderRawDailyConsensusV1,dispersion_reversion,AAPL/USD,1d,ProviderRawDailyConsensusV1:dispersion_reversion:AAPL/USD:1d:yf_aapl:323,2024-04-17T13:30:00+00:00,2024-04-22T13:30:00+00:00,2024-04-17,^IXIC,Sideways,0.9529358324,1.0,18.209999084472656,component_pass_from_205047_not_rescored_here,RawProviderRange,DispersionReversion,provider_raw_daily_consensus,ProviderRawDailyConsensusV1:dispersion_reversion,Sideways -> RawProviderRange -> DispersionReversion -> ProviderRawDailyConsensusV1:dispersion_reversion,board-b-provider-raw-daily-consensus/v1,1d_hold_3,long_short_research_only_until_branch_rc_spa_passes,suppress_if_sideways_raw_provider_branch_rc_spa_fails,long,1,168.0,165.83999633789062,-0.012857164655412978,0.001,-0.013857164655412979,2024,source_panel_daily_asof,yf_aapl,equity_single,1,0.0
board-b-provider-raw-daily-consensus/v1,20260511T212329+0800-codex-board-b-provider-raw-daily-consensus-v1,ProviderRawDailyConsensusV1,dispersion_reversion,AAPL/USD,1d,ProviderRawDailyConsensusV1:dispersion_reversion:AAPL/USD:1d:yf_aapl:331,2024-04-29T13:30:00+00:00,2024-05-02T13:30:00+00:00,2024-04-29,^IXIC,Sideways,0.9529358324,1.0,14.670000076293944,component_pass_from_205047_not_rescored_here,RawProviderRange,DispersionReversion,provider_raw_daily_consensus,ProviderRawDailyConsensusV1:dispersion_reversion,Sideways -> RawProviderRange -> DispersionReversion -> ProviderRawDailyConsensusV1:dispersion_reversion,board-b-provider-raw-daily-consensus/v1,1d_hold_3,long_short_research_only_until_branch_rc_spa_passes,suppress_if_sideways_raw_provider_branch_rc_spa_fails,short,-1,173.5,173.02999877929688,0.0027089407533321674,0.001,0.0017089407533321674,2024,source_panel_daily_asof,yf_aapl,equity_single,1,0.0
board-b-provider-raw-daily-consensus/v1,20260511T212329+0800-codex-board-b-provider-raw-daily-consensus-v1,ProviderRawDailyConsensusV1,dispersion_reversion,AAPL/USD,1d,ProviderRawDailyConsensusV1:dispersion_reversion:AAPL/USD:1d:yf_aapl:391,2024-07-25T13:30:00+00:00,2024-07-30T13:30:00+00:00,2024-07-25,^IXIC,Sideways,0.9529358324,0.75,18.459999084472656,component_pass_from_205047_not_rescored_here,RawProviderRange,DispersionReversion,provider_raw_daily_consensus,ProviderRawDailyConsensusV1:dispersion_reversion,Sideways -> RawProviderRange -> DispersionReversion -> ProviderRawDailyConsensusV1:dispersion_reversion,board-b-provider-raw-daily-consensus/v1,1d_hold_3,long_short_research_only_until_branch_rc_spa_passes,suppress_if_sideways_raw_provider_branch_rc_spa_fails,long,1,217.4900054931641,218.8000030517578,0.006023254059988936,0.001,0.005023254059988936,2024,source_panel_daily_asof,yf_aapl,equity_single,1,0.0
board-b-provider-raw-daily-consensus/v1,20260511T212329+0800-codex-board-b-provider-raw-daily-consensus-v1,ProviderRawDailyConsensusV1,dispersion_reversion,AAPL/USD,1d,ProviderRawDailyConsensusV1:dispersion_reversion:AAPL/USD:1d:yf_aapl:396,2024-08-01T13:30:00+00:00,2024-08-06T13:30:00+00:00,2024-08-01,^IXIC,Sideways,0.9529358324,0.6,18.59000015258789,component_pass_from_205047_not_rescored_here,RawProviderRange,DispersionReversion,provider_raw_daily_consensus,ProviderRawDailyConsensusV1:dispersion_reversion,Sideways -> RawProviderRange -> DispersionReversion -> ProviderRawDailyConsensusV1:dispersion_reversion,board-b-provider-raw-daily-consensus/v1,1d_hold_3,long_short_research_only_until_branch_rc_spa_passes,suppress_if_sideways_raw_provider_branch_rc_spa_fails,long,1,218.36000061035156,207.22999572753903,-0.050970896005231525,0.001,-0.051970896005231526,2024,source_panel_daily_asof,yf_aapl,equity_single,1,0.0
board-b-provider-raw-daily-consensus/v1,20260511T212329+0800-codex-board-b-provider-raw-daily-consensus-v1,ProviderRawDailyConsensusV1,dispersion_reversion,AAPL/USD,1d,ProviderRawDailyConsensusV1:dispersion_reversion:AAPL/USD:1d:yf_aapl:421,2024-09-06T13:30:00+00:00,2024-09-11T13:30:00+00:00,2024-09-06,^IXIC,Sideways,0.9529358324,0.6,22.3799991607666,component_pass_from_205047_not_rescored_here,RawProviderRange,DispersionReversion,provider_raw_daily_consensus,ProviderRawDailyConsensusV1:dispersion_reversion,Sideways -> RawProviderRange -> DispersionReversion -> ProviderRawDailyConsensusV1:dispersion_reversion,board-b-provider-raw-daily-consensus/v1,1d_hold_3,long_short_research_only_until_branch_rc_spa_passes,suppress_if_sideways_raw_provider_branch_rc_spa_fails,long,1,220.82000732421875,222.66000366210935,0.00833256171026675,0.001,0.00733256171026675,2024,source_panel_daily_asof,yf_aapl,equity_single,1,0.0
board-b-provider-raw-daily-consensus/v1,20260511T212329+0800-codex-board-b-provider-raw-daily-consensus-v1,ProviderRawDailyConsensusV1,dispersion_reversion,AAPL/USD,1d,ProviderRawDailyConsensusV1:dispersion_reversion:AAPL/USD:1d:yf_aapl:427,2024-09-16T13:30:00+00:00,2024-09-19T13:30:00+00:00,2024-09-16,^IXIC,Sideways,0.9529358324,0.6,17.139999389648438,component_pass_from_205047_not_rescored_here,RawProviderRange,DispersionReversion,provider_raw_daily_consensus,ProviderRawDailyConsensusV1:dispersion_reversion,Sideways -> RawProviderRange -> DispersionReversion -> ProviderRawDailyConsensusV1:dispersion_reversion,board-b-provider-raw-daily-consensus/v1,1d_hold_3,long_short_research_only_until_branch_rc_spa_passes,suppress_if_sideways_raw_provider_branch_rc_spa_fails,long,1,216.32000732421875,228.8699951171875,0.058015843972115455,0.001,0.057015843972115454,2024,source_panel_daily_asof,yf_aapl,equity_single,1,0.0
board-b-provider-raw-daily-consensus/v1,20260511T212329+0800-codex-board-b-provider-raw-daily-consensus-v1,ProviderRawDailyConsensusV1,dispersion_reversion,AAPL/USD,1d,ProviderRawDailyConsensusV1:dispersion_reversion:AAPL/USD:1d:yf_aapl:503,2025-01-03T14:30:00+00:00,2025-01-08T14:30:00+00:00,2025-01-03,^IXIC,Sideways,0.9529358324,0.6,16.1299991607666,component_pass_from_205047_not_rescored_here,RawProviderRange,DispersionReversion,provider_raw_daily_consensus,ProviderRawDailyConsensusV1:dispersion_reversion,Sideways -> RawProviderRange -> DispersionReversion -> ProviderRawDailyConsensusV1:dispersion_reversion,board-b-provider-raw-daily-consensus/v1,1d_hold_3,long_short_research_only_until_branch_rc_spa_passes,suppress_if_sideways_raw_provider_branch_rc_spa_fails,long,1,243.36000061035156,242.6999969482422,-0.002712046599498974,0.001,-0.003712046599498974,2025,source_panel_daily_asof,yf_aapl,equity_single,1,0.0
board-b-provider-raw-daily-consensus/v1,20260511T212329+0800-codex-board-b-provider-raw-daily-consensus-v1,ProviderRawDailyConsensusV1,dispersion_reversion,AAPL/USD,1d,ProviderRawDailyConsensusV1:dispersion_reversion:AAPL/USD:1d:yf_aapl:583,2025-05-01T13:30:00+00:00,2025-05-06T13:30:00+00:00,2025-05-01,^IXIC,Sideways,0.9529358324,0.25,24.600000381469727,component_pass_from_205047_not_rescored_here,RawProviderRange,DispersionReversion,provider_raw_daily_consensus,ProviderRawDailyConsensusV1:dispersion_reversion,Sideways -> RawProviderRange -> DispersionReversion -> ProviderRawDailyConsensusV1:dispersion_reversion,board-b-provider-raw-daily-consensus/v1,1d_hold_3,long_short_research_only_until_branch_rc_spa_passes,suppress_if_sideways_raw_provider_branch_rc_spa_fails,short,-1,213.32000732421875,198.5099945068359,0.06942627183991013,0.001,0.06842627183991012,2025,source_panel_daily_asof,yf_aapl,equity_single,1,0.0
board-b-provider-raw-daily-consensus/v1,20260511T212329+0800-codex-board-b-provider-raw-daily-consensus-v1,ProviderRawDailyConsensusV1,dispersion_reversion,AAPL/USD,1d,ProviderRawDailyConsensusV1:dispersion_reversion:AAPL/USD:1d:yf_aapl:611,2025-06-11T13:30:00+00:00,2025-06-16T13:30:00+00:00,2025-06-11,^IXIC,Sideways,0.9529358324,0.75,17.260000228881836,component_pass_from_205047_not_rescored_here,RawProviderRange,DispersionReversion,provider_raw_daily_consensus,ProviderRawDailyConsensusV1:dispersion_reversion,Sideways -> RawProviderRange -> DispersionReversion -> ProviderRawDailyConsensusV1:dispersion_reversion,board-b-provider-raw-daily-consensus/v1,1d_hold_3,long_short_research_only_until_branch_rc_spa_passes,suppress_if_sideways_raw_provider_branch_rc_spa_fails,long,1,198.77999877929688,198.4199981689453,-0.0018110504706827513,0.001,-0.0028110504706827513,2025,source_panel_daily_asof,yf_aapl,equity_single,1,0.0
board-b-provider-raw-daily-consensus/v1,20260511T212329+0800-codex-board-b-provider-raw-daily-consensus-v1,ProviderRawDailyConsensusV1,dispersion_reversion,AAPL/USD,1d,ProviderRawDailyConsensusV1:dispersion_reversion:AAPL/USD:1d:yf_aapl:724,2025-11-20T14:30:00+00:00,2025-11-25T14:30:00+00:00,2025-11-20,^IXIC,Sideways,0.9529358324,0.75,26.420000076293945,component_pass_from_205047_not_rescored_here,RawProviderRange,DispersionReversion,provider_raw_daily_consensus,ProviderRawDailyConsensusV1:dispersion_reversion,Sideways -> RawProviderRange -> DispersionReversion -> ProviderRawDailyConsensusV1:dispersion_reversion,board-b-provider-raw-daily-consensus/v1,1d_hold_3,long_short_research_only_until_branch_rc_spa_passes,suppress_if_sideways_raw_provider_branch_rc_spa_fails,long,1,266.25,276.9700012207031,0.04026291538292259,0.001,0.03926291538292259,2025,source_panel_daily_asof,yf_aapl,equity_single,1,0.0
board-b-provider-raw-daily-consensus/v1,20260511T212329+0800-codex-board-b-provider-raw-daily-consensus-v1,ProviderRawDailyConsensusV1,dispersion_reversion,AAPL/USD,1d,ProviderRawDailyConsensusV1:dispersion_reversion:AAPL/USD:1d:yf_aapl:742,2025-12-17T14:30:00+00:00,2025-12-22T14:30:00+00:00,2025-12-17,^IXIC,Sideways,0.9529358324,0.75,17.6200008392334,component_pass_from_205047_not_rescored_here,RawProviderRange,DispersionReversion,provider_raw_daily_consensus,ProviderRawDailyConsensusV1:dispersion_reversion,Sideways -> RawProviderRange -> DispersionReversion -> ProviderRawDailyConsensusV1:dispersion_reversion,board-b-provider-raw-daily-consensus/v1,1d_hold_3,long_short_research_only_until_branch_rc_spa_passes,suppress_if_sideways_raw_provider_branch_rc_spa_fails,long,1,271.8399963378906,270.9700012207031,-0.0032003940880948045,0.001,-0.0042003940880948045,2025,source_panel_daily_asof,yf_aapl,equity_single,1,0.0
board-b-provider-raw-daily-consensus/v1,20260511T212329+0800-codex-board-b-provider-raw-daily-consensus-v1,ProviderRawDailyConsensusV1,provider_consensus_momentum,ES/USD,1d,ProviderRawDailyConsensusV1:provider_consensus_momentum:ES/USD:1d:yf_es_f:20,2023-02-01T05:00:00+00:00,2023-02-08T05:00:00+00:00,2023-02-01,^IXIC,Bull,0.9797225384,0.444,17.8700008392334,component_pass_from_205047_not_rescored_here,RawProviderConsensusRiskOn,CrossVenueMomentum,provider_raw_daily_consensus,ProviderRawDailyConsensusV1:provider_consensus_momentum,Bull -> RawProviderConsensusRiskOn -> CrossVenueMomentum -> ProviderRawDailyConsensusV1:provider_consensus_momentum,board-b-provider-raw-daily-consensus/v1,1d_hold_5,long_research_only_until_branch_rc_spa_passes,suppress_if_bull_raw_provider_branch_rc_spa_fails,long,1,4132.25,4130.5,-0.00042349809425856755,0.001,-0.0014234980942585676,2023,source_panel_daily_asof,yf_es_f,equity_index,2,1.15845634388748
board-b-provider-raw-daily-consensus/v1,20260511T212329+0800-codex-board-b-provider-raw-daily-consensus-v1,ProviderRawDailyConsensusV1,provider_consensus_momentum,ES/USD,1d,ProviderRawDailyConsensusV1:provider_consensus_momentum:ES/USD:1d:yf_es_f:32,2023-02-17T05:00:00+00:00,2023-02-27T05:00:00+00:00,2023-02-17,^IXIC,Bull,0.9797225384,0.333,20.020000457763672,component_pass_from_205047_not_rescored_here,RawProviderConsensusRiskOn,CrossVenueMomentum,provider_raw_daily_consensus,ProviderRawDailyConsensusV1:provider_consensus_momentum,Bull -> RawProviderConsensusRiskOn -> CrossVenueMomentum -> ProviderRawDailyConsensusV1:provider_consensus_momentum,board-b-provider-raw-daily-consensus/v1,1d_hold_5,long_research_only_until_branch_rc_spa_passes,suppress_if_bull_raw_provider_branch_rc_spa_fails,long,1,4087.5,3988.0,-0.024342507645259914,0.001,-0.025342507645259915,2023,source_panel_daily_asof,yf_es_f,equity_index,2,1.1579361958523502
board-b-provider-raw-daily-consensus/v1,20260511T212329+0800-codex-board-b-provider-raw-daily-consensus-v1,ProviderRawDailyConsensusV1,provider_consensus_momentum,ES/USD,1d,ProviderRawDailyConsensusV1:provider_consensus_momentum:ES/USD:1d:yf_es_f:53,2023-03-21T04:00:00+00:00,2023-03-28T04:00:00+00:00,2023-03-21,^IXIC,Bull,0.9797225384,0.333,21.3799991607666,component_pass_from_205047_not_rescored_here,RawProviderConsensusRiskOn,CrossVenueMomentum,provider_raw_daily_consensus,ProviderRawDailyConsensusV1:provider_consensus_momentum,Bull -> RawProviderConsensusRiskOn -> CrossVenueMomentum -> ProviderRawDailyConsensusV1:provider_consensus_momentum,board-b-provider-raw-daily-consensus/v1,1d_hold_5,long_research_only_until_branch_rc_spa_passes,suppress_if_bull_raw_provider_branch_rc_spa_fails,long,1,4035.75,4001.5,-0.008486650560614484,0.001,-0.009486650560614485,2023,source_panel_daily_asof,yf_es_f,equity_index,2,1.159788674386467
board-b-provider-raw-daily-consensus/v1,20260511T212329+0800-codex-board-b-provider-raw-daily-consensus-v1,ProviderRawDailyConsensusV1,provider_consensus_momentum,ES/USD,1d,ProviderRawDailyConsensusV1:provider_consensus_momentum:ES/USD:1d:yf_es_f:59,2023-03-29T04:00:00+00:00,2023-04-05T04:00:00+00:00,2023-03-29,^IXIC,Bull,0.9797225384,0.333,19.1200008392334,component_pass_from_205047_not_rescored_here,RawProviderConsensusRiskOn,CrossVenueMomentum,provider_raw_daily_consensus,ProviderRawDailyConsensusV1:provider_consensus_momentum,Bull -> RawProviderConsensusRiskOn -> CrossVenueMomentum -> ProviderRawDailyConsensusV1:provider_consensus_momentum,board-b-provider-raw-daily-consensus/v1,1d_hold_5,long_research_only_until_branch_rc_spa_passes,suppress_if_bull_raw_provider_branch_rc_spa_fails,long,1,4057.5,4117.25,0.014725816389402402,0.001,0.013725816389402401,2023,source_panel_daily_asof,yf_es_f,equity_index,2,1.1596211804301448
board-b-provider-raw-daily-consensus/v1,20260511T212329+0800-codex-board-b-provider-raw-daily-consensus-v1,ProviderRawDailyConsensusV1,provider_consensus_momentum,ES/USD,1d,ProviderRawDailyConsensusV1:provider_consensus_momentum:ES/USD:1d:yf_es_f:65,2023-04-06T04:00:00+00:00,2023-04-14T04:00:00+00:00,2023-04-06,^IXIC,Bull,0.9797225384,0.5,18.399999618530273,component_pass_from_205047_not_rescored_here,RawProviderConsensusRiskOn,CrossVenueMomentum,provider_raw_daily_consensus,ProviderRawDailyConsensusV1:provider_consensus_momentum,Bull -> RawProviderConsensusRiskOn -> CrossVenueMomentum -> ProviderRawDailyConsensusV1:provider_consensus_momentum,board-b-provider-raw-daily-consensus/v1,1d_hold_5,long_research_only_until_branch_rc_spa_passes,suppress_if_bull_raw_provider_branch_rc_spa_fails,long,1,4132.0,4163.75,0.007683930300096842,0.001,0.006683930300096842,2023,source_panel_daily_asof,yf_es_f,equity_index,2,1.1593543511403526
board-b-provider-raw-daily-consensus/v1,20260511T212329+0800-codex-board-b-provider-raw-daily-consensus-v1,ProviderRawDailyConsensusV1,provider_consensus_momentum,ES/USD,1d,ProviderRawDailyConsensusV1:provider_consensus_momentum:ES/USD:1d:yf_es_f:71,2023-04-17T04:00:00+00:00,2023-04-24T04:00:00+00:00,2023-04-17,^IXIC,Bull,0.9797225384,0.333,16.950000762939453,component_pass_from_205047_not_rescored_here,RawProviderConsensusRiskOn,CrossVenueMomentum,provider_raw_daily_consensus,ProviderRawDailyConsensusV1:provider_consensus_momentum,Bull -> RawProviderConsensusRiskOn -> CrossVenueMomentum -> ProviderRawDailyConsensusV1:provider_consensus_momentum,board-b-provider-raw-daily-consensus/v1,1d_hold_5,long_research_only_until_branch_rc_spa_passes,suppress_if_bull_raw_provider_branch_rc_spa_fails,long,1,4176.75,4159.5,-0.004130005386963509,0.001,-0.005130005386963509,2023,source_panel_daily_asof,yf_es_f,equity_index,2,1.1591758381311776
board-b-provider-raw-daily-consensus/v1,20260511T212329+0800-codex-board-b-provider-raw-daily-consensus-v1,ProviderRawDailyConsensusV1,provider_consensus_momentum,ES/USD,1d,ProviderRawDailyConsensusV1:provider_consensus_momentum:ES/USD:1d:yf_es_f:77,2023-04-25T04:00:00+00:00,2023-05-02T04:00:00+00:00,2023-04-25,^IXIC,Bull,0.9797225384,0.333,18.760000228881836,component_pass_from_205047_not_rescored_here,RawProviderConsensusRiskOn,CrossVenueMomentum,provider_raw_daily_consensus,ProviderRawDailyConsensusV1:provider_consensus_momentum,Bull -> RawProviderConsensusRiskOn -> CrossVenueMomentum -> ProviderRawDailyConsensusV1:provider_consensus_momentum,board-b-provider-raw-daily-consensus/v1,1d_hold_5,long_research_only_until_branch_rc_spa_passes,suppress_if_bull_raw_provider_branch_rc_spa_fails,long,1,4093.25,4136.75,0.010627252183472713,0.001,0.009627252183472712,2023,source_panel_daily_asof,yf_es_f,equity_index,2,1.1589382986637575
board-b-provider-raw-daily-consensus/v1,20260511T212329+0800-codex-board-b-provider-raw-daily-consensus-v1,ProviderRawDailyConsensusV1,provider_consensus_momentum,ES/USD,1d,ProviderRawDailyConsensusV1:provider_consensus_momentum:ES/USD:1d:yf_es_f:85,2023-05-05T04:00:00+00:00,2023-05-12T04:00:00+00:00,2023-05-05,^IXIC,Bull,0.9797225384,0.333,17.190000534057617,component_pass_from_205047_not_rescored_here,RawProviderConsensusRiskOn,CrossVenueMomentum,provider_raw_daily_consensus,ProviderRawDailyConsensusV1:provider_consensus_momentum,Bull -> RawProviderConsensusRiskOn -> CrossVenueMomentum -> ProviderRawDailyConsensusV1:provider_consensus_momentum,board-b-provider-raw-daily-consensus/v1,1d_hold_5,long_research_only_until_branch_rc_spa_passes,suppress_if_bull_raw_provider_branch_rc_spa_fails,long,1,4150.25,4138.0,-0.0029516294199144477,0.001,-0.003951629419914448,2023,source_panel_daily_asof,yf_es_f,equity_index,2,1.1584334636096445
board-b-provider-raw-daily-consensus/v1,20260511T212329+0800-codex-board-b-provider-raw-daily-consensus-v1,ProviderRawDailyConsensusV1,provider_consensus_momentum,ES/USD,1d,ProviderRawDailyConsensusV1:provider_consensus_momentum:ES/USD:1d:yf_es_f:94,2023-05-18T04:00:00+00:00,2023-05-25T04:00:00+00:00,2023-05-18,^IXIC,Bull,0.9797225384,0.5,16.049999237060547,component_pass_from_205047_not_rescored_here,RawProviderConsensusRiskOn,CrossVenueMomentum,provider_raw_daily_consensus,ProviderRawDailyConsensusV1:provider_consensus_momentum,Bull -> RawProviderConsensusRiskOn -> CrossVenueMomentum -> ProviderRawDailyConsensusV1:provider_consensus_momentum,board-b-provider-raw-daily-consensus/v1,1d_hold_5,long_research_only_until_branch_rc_spa_passes,suppress_if_bull_raw_provider_branch_rc_spa_fails,long,1,4212.0,4159.75,-0.012405033238366614,0.001,-0.013405033238366615,2023,source_panel_daily_asof,yf_es_f,equity_index,2,1.1581775780301715
board-b-provider-raw-daily-consensus/v1,20260511T212329+0800-codex-board-b-provider-raw-daily-consensus-v1,ProviderRawDailyConsensusV1,provider_consensus_momentum,ES/USD,1d,ProviderRawDailyConsensusV1:provider_consensus_momentum:ES/USD:1d:yf_es_f:100,2023-05-26T04:00:00+00:00,2023-06-05T04:00:00+00:00,2023-05-26,^IXIC,Bull,0.9797225384,0.857,17.950000762939453,component_pass_from_205047_not_rescored_here,RawProviderConsensusRiskOn,CrossVenueMomentum,provider_raw_daily_consensus,ProviderRawDailyConsensusV1:provider_consensus_momentum,Bull -> RawProviderConsensusRiskOn -> CrossVenueMomentum -> ProviderRawDailyConsensusV1:provider_consensus_momentum,board-b-provider-raw-daily-consensus/v1,1d_hold_5,long_research_only_until_branch_rc_spa_passes,suppress_if_bull_raw_provider_branch_rc_spa_fails,long,1,4213.25,4281.0,0.01608022310567847,0.001,0.01508022310567847,2023,source_panel_daily_asof,yf_es_f,equity_index,2,1.1578080576909113
board-b-provider-raw-daily-consensus/v1,20260511T212329+0800-codex-board-b-provider-raw-daily-consensus-v1,ProviderRawDailyConsensusV1,provider_consensus_momentum,ES/USD,1d,ProviderRawDailyConsensusV1:provider_consensus_momentum:ES/USD:1d:yf_es_f:106,2023-06-06T04:00:00+00:00,2023-06-13T04:00:00+00:00,2023-06-06,^IXIC,Bull,0.9797225384,0.857,13.960000038146973,component_pass_from_205047_not_rescored_here,RawProviderConsensusRiskOn,CrossVenueMomentum,provider_raw_daily_consensus,ProviderRawDailyConsensusV1:provider_consensus_momentum,Bull -> RawProviderConsensusRiskOn -> CrossVenueMomentum -> ProviderRawDailyConsensusV1:provider_consensus_momentum,board-b-provider-raw-daily-consensus/v1,1d_hold_5,long_research_only_until_branch_rc_spa_passes,suppress_if_bull_raw_provider_branch_rc_spa_fails,long,1,4289.75,4371.75,0.019115333061367146,0.001,0.018115333061367145,2023,source_panel_daily_asof,yf_es_f,equity_index,2,1.1575988709153135
board-b-provider-raw-daily-consensus/v1,20260511T212329+0800-codex-board-b-provider-raw-daily-consensus-v1,ProviderRawDailyConsensusV1,provider_consensus_momentum,ES/USD,1d,ProviderRawDailyConsensusV1:provider_consensus_momentum:ES/USD:1d:yf_es_f:112,2023-06-14T04:00:00+00:00,2023-06-22T04:00:00+00:00,2023-06-14,^IXIC,Bull,0.9797225384,0.857,13.880000114440918,component_pass_from_205047_not_rescored_here,RawProviderConsensusRiskOn,CrossVenueMomentum,provider_raw_daily_consensus,ProviderRawDailyConsensusV1:provider_consensus_momentum,Bull -> RawProviderConsensusRiskOn -> CrossVenueMomentum -> ProviderRawDailyConsensusV1:provider_consensus_momentum,board-b-provider-raw-daily-consensus/v1,1d_hold_5,long_research_only_until_branch_rc_spa_passes,suppress_if_bull_raw_provider_branch_rc_spa_fails,long,1,4374.25,4423.75,0.011316225638680955,0.001,0.010316225638680954,2023,source_panel_daily_asof,yf_es_f,equity_index,2,1.157214759197566
board-b-provider-raw-daily-consensus/v1,20260511T212329+0800-codex-board-b-provider-raw-daily-consensus-v1,ProviderRawDailyConsensusV1,provider_consensus_momentum,ES/USD,1d,ProviderRawDailyConsensusV1:provider_consensus_momentum:ES/USD:1d:yf_es_f:118,2023-06-23T04:00:00+00:00,2023-06-30T04:00:00+00:00,2023-06-23,^IXIC,Bull,0.9797225384,0.714,13.4399995803833,component_pass_from_205047_not_rescored_here,RawProviderConsensusRiskOn,CrossVenueMomentum,provider_raw_daily_consensus,ProviderRawDailyConsensusV1:provider_consensus_momentum,Bull -> RawProviderConsensusRiskOn -> CrossVenueMomentum -> ProviderRawDailyConsensusV1:provider_consensus_momentum,board-b-provider-raw-daily-consensus/v1,1d_hold_5,long_research_only_until_branch_rc_spa_passes,suppress_if_bull_raw_provider_branch_rc_spa_fails,long,1,4389.0,4488.25,0.022613351560720085,0.001,0.021613351560720084,2023,source_panel_daily_asof,yf_es_f,equity_index,2,1.1601178484340844
board-b-provider-raw-daily-consensus/v1,20260511T212329+0800-codex-board-b-provider-raw-daily-consensus-v1,ProviderRawDailyConsensusV1,provider_consensus_momentum,ES/USD,1d,ProviderRawDailyConsensusV1:provider_consensus_momentum:ES/USD:1d:yf_es_f:124,2023-07-03T13:30:00+00:00,2023-07-11T04:00:00+00:00,2023-07-03,^IXIC,Bull,0.9797225384,0.5,13.56999969482422,component_pass_from_205047_not_rescored_here,RawProviderConsensusRiskOn,CrossVenueMomentum,provider_raw_daily_consensus,ProviderRawDailyConsensusV1:provider_consensus_momentum,Bull -> RawProviderConsensusRiskOn -> CrossVenueMomentum -> ProviderRawDailyConsensusV1:provider_consensus_momentum,board-b-provider-raw-daily-consensus/v1,1d_hold_5,long_research_only_until_branch_rc_spa_passes,suppress_if_bull_raw_provider_branch_rc_spa_fails,long,1,4492.25,4473.5,-0.004173854972452595,0.001,-0.005173854972452595,2023,source_panel_daily_asof,yf_es_f,equity_index,2,1.1599150364926647
board-b-provider-raw-daily-consensus/v1,20260511T212329+0800-codex-board-b-provider-raw-daily-consensus-v1,ProviderRawDailyConsensusV1,provider_consensus_momentum,ES/USD,1d,ProviderRawDailyConsensusV1:provider_consensus_momentum:ES/USD:1d:yf_es_f:130,2023-07-12T04:00:00+00:00,2023-07-19T04:00:00+00:00,2023-07-12,^IXIC,Bull,0.9797225384,0.5,13.539999961853027,component_pass_from_205047_not_rescored_here,RawProviderConsensusRiskOn,CrossVenueMomentum,provider_raw_daily_consensus,ProviderRawDailyConsensusV1:provider_consensus_momentum,Bull -> RawProviderConsensusRiskOn -> CrossVenueMomentum -> ProviderRawDailyConsensusV1:provider_consensus_momentum,board-b-provider-raw-daily-consensus/v1,1d_hold_5,long_research_only_until_branch_rc_spa_passes,suppress_if_bull_raw_provider_branch_rc_spa_fails,long,1,4507.5,4597.0,0.019855795895729278,0.001,0.018855795895729277,2023,source_panel_daily_asof,yf_es_f,equity_index,2,1.1595391009995253
board-b-provider-raw-daily-consensus/v1,20260511T212329+0800-codex-board-b-provider-raw-daily-consensus-v1,ProviderRawDailyConsensusV1,provider_consensus_momentum,ES/USD,1d,ProviderRawDailyConsensusV1:provider_consensus_momentum:ES/USD:1d:yf_es_f:136,2023-07-20T04:00:00+00:00,2023-07-27T04:00:00+00:00,2023-07-20,^IXIC,Bull,0.9797225384,0.5,13.989999771118164,component_pass_from_205047_not_rescored_here,RawProviderConsensusRiskOn,CrossVenueMomentum,provider_raw_daily_consensus,ProviderRawDailyConsensusV1:provider_consensus_momentum,Bull -> RawProviderConsensusRiskOn -> CrossVenueMomentum -> ProviderRawDailyConsensusV1:provider_consensus_momentum,board-b-provider-raw-daily-consensus/v1,1d_hold_5,long_research_only_until_branch_rc_spa_passes,suppress_if_bull_raw_provider_branch_rc_spa_fails,long,1,4565.5,4564.25,-0.00027379257474535734,0.001,-0.0012737925747453574,2023,source_panel_daily_asof,yf_es_f,equity_index,2,1.15932322292965
board-b-provider-raw-daily-consensus/v1,20260511T212329+0800-codex-board-b-provider-raw-daily-consensus-v1,ProviderRawDailyConsensusV1,provider_consensus_momentum,ES/USD,1d,ProviderRawDailyConsensusV1:provider_consensus_momentum:ES/USD:1d:yf_es_f:142,2023-07-28T04:00:00+00:00,2023-08-04T04:00:00+00:00,2023-07-28,^IXIC,Bull,0.9797225384,0.857,13.329999923706056,component_pass_from_205047_not_rescored_here,RawProviderConsensusRiskOn,CrossVenueMomentum,provider_raw_daily_consensus,ProviderRawDailyConsensusV1:provider_consensus_momentum,Bull -> RawProviderConsensusRiskOn -> CrossVenueMomentum -> ProviderRawDailyConsensusV1:provider_consensus_momentum,board-b-provider-raw-daily-consensus/v1,1d_hold_5,long_research_only_until_branch_rc_spa_passes,suppress_if_bull_raw_provider_branch_rc_spa_fails,long,1,4606.5,4498.0,-0.02355367415608378,0.001,-0.024553674156083782,2023,source_panel_daily_asof,yf_es_f,equity_index,2,1.1589779792314316
board-b-provider-raw-daily-consensus/v1,20260511T212329+0800-codex-board-b-provider-raw-daily-consensus-v1,ProviderRawDailyConsensusV1,provider_consensus_momentum,ES/USD,1d,ProviderRawDailyConsensusV1:provider_consensus_momentum:ES/USD:1d:yf_es_f:148,2023-08-07T04:00:00+00:00,2023-08-14T04:00:00+00:00,2023-08-07,^IXIC,Bull,0.9797225384,0.5,15.770000457763672,component_pass_from_205047_not_rescored_here,RawProviderConsensusRiskOn,CrossVenueMomentum,provider_raw_daily_consensus,ProviderRawDailyConsensusV1:provider_consensus_momentum,Bull -> RawProviderConsensusRiskOn -> CrossVenueMomentum -> ProviderRawDailyConsensusV1:provider_consensus_momentum,board-b-provider-raw-daily-consensus/v1,1d_hold_5,long_research_only_until_branch_rc_spa_passes,suppress_if_bull_raw_provider_branch_rc_spa_fails,long,1,4537.75,4506.0,-0.0069968596771528,0.001,-0.007996859677152801,2023,source_panel_daily_asof,yf_es_f,equity_index,2,1.1586636797621648
board-b-provider-raw-daily-consensus/v1,20260511T212329+0800-codex-board-b-provider-raw-daily-consensus-v1,ProviderRawDailyConsensusV1,provider_consensus_momentum,ES/USD,1d,ProviderRawDailyConsensusV1:provider_consensus_momentum:ES/USD:1d:yf_es_f:167,2023-09-01T04:00:00+00:00,2023-09-11T04:00:00+00:00,2023-09-01,^IXIC,Bull,0.9797225384,0.5,13.09000015258789,component_pass_from_205047_not_rescored_here,RawProviderConsensusRiskOn,CrossVenueMomentum,provider_raw_daily_consensus,ProviderRawDailyConsensusV1:provider_consensus_momentum,Bull -> RawProviderConsensusRiskOn -> CrossVenueMomentum -> ProviderRawDailyConsensusV1:provider_consensus_momentum,board-b-provider-raw-daily-consensus/v1,1d_hold_5,long_research_only_until_branch_rc_spa_passes,suppress_if_bull_raw_provider_branch_rc_spa_fails,long,1,4521.5,4490.25,-0.0069114232002653875,0.001,-0.007911423200265388,2023,source_panel_daily_asof,yf_es_f,equity_index,2,1.1575802229344758
board-b-provider-raw-daily-consensus/v1,20260511T212329+0800-codex-board-b-provider-raw-daily-consensus-v1,ProviderRawDailyConsensusV1,provider_consensus_momentum,ES/USD,1d,ProviderRawDailyConsensusV1:provider_consensus_momentum:ES/USD:1d:yf_es_f:175,2023-09-14T04:00:00+00:00,2023-09-21T04:00:00+00:00,2023-09-14,^IXIC,Bull,0.9797225384,0.5,12.81999969482422,component_pass_from_205047_not_rescored_here,RawProviderConsensusRiskOn,CrossVenueMomentum,provider_raw_daily_consensus,ProviderRawDailyConsensusV1:provider_consensus_momentum,Bull -> RawProviderConsensusRiskOn -> CrossVenueMomentum -> ProviderRawDailyConsensusV1:provider_consensus_momentum,board-b-provider-raw-daily-consensus/v1,1d_hold_5,long_research_only_until_branch_rc_spa_passes,suppress_if_bull_raw_provider_branch_rc_spa_fails,long,1,4506.0,4372.0,-0.029738126941855292,0.001,-0.030738126941855293,2023,source_panel_daily_asof,yf_es_f,equity_index,2,1.157208340348589
board-b-provider-raw-daily-consensus/v1,20260511T212329+0800-codex-board-b-provider-raw-daily-consensus-v1,ProviderRawDailyConsensusV1,provider_consensus_momentum,ES/USD,1d,ProviderRawDailyConsensusV1:provider_consensus_momentum:ES/USD:1d:yf_es_f:211,2023-11-03T04:00:00+00:00,2023-11-10T05:00:00+00:00,2023-11-03,^IXIC,Bull,0.9797225384,0.5,14.90999984741211,component_pass_from_205047_not_rescored_here,RawProviderConsensusRiskOn,CrossVenueMomentum,provider_raw_daily_consensus,ProviderRawDailyConsensusV1:provider_consensus_momentum,Bull -> RawProviderConsensusRiskOn -> CrossVenueMomentum -> ProviderRawDailyConsensusV1:provider_consensus_momentum,board-b-provider-raw-daily-consensus/v1,1d_hold_5,long_research_only_until_branch_rc_spa_passes,suppress_if_bull_raw_provider_branch_rc_spa_fails,long,1,4376.0,4430.5,0.012454296160877565,0.001,0.011454296160877564,2023,source_panel_daily_asof,yf_es_f,equity_index,2,1.1586392075222731
board-b-provider-raw-daily-consensus/v1,20260511T212329+0800-codex-board-b-provider-raw-daily-consensus-v1,ProviderRawDailyConsensusV1,provider_consensus_momentum,ES/USD,1d,ProviderRawDailyConsensusV1:provider_consensus_momentum:ES/USD:1d:yf_es_f:217,2023-11-13T05:00:00+00:00,2023-11-20T05:00:00+00:00,2023-11-13,^IXIC,Bull,0.9797225384,0.5,14.760000228881836,component_pass_from_205047_not_rescored_here,RawProviderConsensusRiskOn,CrossVenueMomentum,provider_raw_daily_consensus,ProviderRawDailyConsensusV1:provider_consensus_momentum,Bull -> RawProviderConsensusRiskOn -> CrossVenueMomentum -> ProviderRawDailyConsensusV1:provider_consensus_momentum,board-b-provider-raw-daily-consensus/v1,1d_hold_5,long_research_only_until_branch_rc_spa_passes,suppress_if_bull_raw_provider_branch_rc_spa_fails,long,1,4425.25,4562.25,0.030958702898141288,0.001,0.029958702898141287,2023,source_panel_daily_asof,yf_es_f,equity_index,2,1.1583178279024984
board-b-provider-raw-daily-consensus/v1,20260511T212329+0800-codex-board-b-provider-raw-daily-consensus-v1,ProviderRawDailyConsensusV1,provider_consensus_momentum,ES/USD,1d,ProviderRawDailyConsensusV1:provider_consensus_momentum:ES/USD:1d:yf_es_f:223,2023-11-21T05:00:00+00:00,2023-11-28T05:00:00+00:00,2023-11-21,^IXIC,Bull,0.9797225384,0.857,13.350000381469728,component_pass_from_205047_not_rescored_here,RawProviderConsensusRiskOn,CrossVenueMomentum,provider_raw_daily_consensus,ProviderRawDailyConsensusV1:provider_consensus_momentum,Bull -> RawProviderConsensusRiskOn -> CrossVenueMomentum -> ProviderRawDailyConsensusV1:provider_consensus_momentum,board-b-provider-raw-daily-consensus/v1,1d_hold_5,long_research_only_until_branch_rc_spa_passes,suppress_if_bull_raw_provider_branch_rc_spa_fails,long,1,4551.25,4563.0,0.002581708321889531,0.001,0.001581708321889531,2023,source_panel_daily_asof,yf_es_f,equity_index,2,1.158036919143751
board-b-provider-raw-daily-consensus/v1,20260511T212329+0800-codex-board-b-provider-raw-daily-consensus-v1,ProviderRawDailyConsensusV1,provider_consensus_momentum,ES/USD,1d,ProviderRawDailyConsensusV1:provider_consensus_momentum:ES/USD:1d:yf_es_f:229,2023-11-29T05:00:00+00:00,2023-12-06T05:00:00+00:00,2023-11-29,^IXIC,Bull,0.9797225384,0.857,12.979999542236328,component_pass_from_205047_not_rescored_here,RawProviderConsensusRiskOn,CrossVenueMomentum,provider_raw_daily_consensus,ProviderRawDailyConsensusV1:provider_consensus_momentum,Bull -> RawProviderConsensusRiskOn -> CrossVenueMomentum -> ProviderRawDailyConsensusV1:provider_consensus_momentum,board-b-provider-raw-daily-consensus/v1,1d_hold_5,long_research_only_until_branch_rc_spa_passes,suppress_if_bull_raw_provider_branch_rc_spa_fails,long,1,4559.25,4556.0,-0.0007128365410977722,0.001,-0.0017128365410977722,2023,source_panel_daily_asof,yf_es_f,equity_index,2,1.15775821310018
board-b-provider-raw-daily-consensus/v1,20260511T212329+0800-codex-board-b-provider-raw-daily-consensus-v1,ProviderRawDailyConsensusV1,provider_consensus_momentum,ES/USD,1d,ProviderRawDailyConsensusV1:provider_consensus_momentum:ES/USD:1d:yf_es_f:235,2023-12-07T05:00:00+00:00,2023-12-14T05:00:00+00:00,2023-12-07,^IXIC,Bull,0.9797225384,0.714,13.0600004196167,component_pass_from_205047_not_rescored_here,RawProviderConsensusRiskOn,CrossVenueMomentum,provider_raw_daily_consensus,ProviderRawDailyConsensusV1:provider_consensus_momentum,Bull -> RawProviderConsensusRiskOn -> CrossVenueMomentum -> ProviderRawDailyConsensusV1:provider_consensus_momentum,board-b-provider-raw-daily-consensus/v1,1d_hold_5,long_research_only_until_branch_rc_spa_passes,suppress_if_bull_raw_provider_branch_rc_spa_fails,long,1,4589.5,4721.75,0.028815775138903987,0.001,0.027815775138903986,2023,source_panel_daily_asof,yf_es_f,equity_index,2,1.1574505838410434
board-b-provider-raw-daily-consensus/v1,20260511T212329+0800-codex-board-b-provider-raw-daily-consensus-v1,ProviderRawDailyConsensusV1,provider_consensus_momentum,ES/USD,1d,ProviderRawDailyConsensusV1:provider_consensus_momentum:ES/USD:1d:yf_es_f:241,2023-12-15T05:00:00+00:00,2023-12-22T05:00:00+00:00,2023-12-15,^IXIC,Bull,0.9797225384,0.8,12.279999732971191,component_pass_from_205047_not_rescored_here,RawProviderConsensusRiskOn,CrossVenueMomentum,provider_raw_daily_consensus,ProviderRawDailyConsensusV1:provider_consensus_momentum,Bull -> RawProviderConsensusRiskOn -> CrossVenueMomentum -> ProviderRawDailyConsensusV1:provider_consensus_momentum,board-b-provider-raw-daily-consensus/v1,1d_hold_5,long_research_only_until_branch_rc_spa_passes,suppress_if_bull_raw_provider_branch_rc_spa_fails,long,1,4694.27001953125,4805.25,0.023641584315985398,0.001,0.022641584315985397,2023,source_panel_daily_asof,yf_es_f,equity_index,2,1.1571321341236838
board-b-provider-raw-daily-consensus/v1,20260511T212329+0800-codex-board-b-provider-raw-daily-consensus-v1,ProviderRawDailyConsensusV1,provider_consensus_momentum,ES/USD,1d,ProviderRawDailyConsensusV1:provider_consensus_momentum:ES/USD:1d:yf_es_f:247,2023-12-26T05:00:00+00:00,2024-01-03T05:00:00+00:00,2023-12-26,^IXIC,Bull,0.9797225384,1.0,12.989999771118164,component_pass_from_205047_not_rescored_here,RawProviderConsensusRiskOn,CrossVenueMomentum,provider_raw_daily_consensus,ProviderRawDailyConsensusV1:provider_consensus_momentum,Bull -> RawProviderConsensusRiskOn -> CrossVenueMomentum -> ProviderRawDailyConsensusV1:provider_consensus_momentum,board-b-provider-raw-daily-consensus/v1,1d_hold_5,long_research_only_until_branch_rc_spa_passes,suppress_if_bull_raw_provider_branch_rc_spa_fails,long,1,4825.0,4746.5,-0.01626943005181347,0.001,-0.017269430051813472,2023,source_panel_daily_asof,yf_es_f,equity_index,2,1.1604066997861877
board-b-provider-raw-daily-consensus/v1,20260511T212329+0800-codex-board-b-provider-raw-daily-consensus-v1,ProviderRawDailyConsensusV1,provider_consensus_momentum,ES/USD,1d,ProviderRawDailyConsensusV1:provider_consensus_momentum:ES/USD:1d:yf_es_f:253,2024-01-04T05:00:00+00:00,2024-01-11T05:00:00+00:00,2024-01-04,^IXIC,Bull,0.9797225384,0.6,14.130000114440918,component_pass_from_205047_not_rescored_here,RawProviderConsensusRiskOn,CrossVenueMomentum,provider_raw_daily_consensus,ProviderRawDailyConsensusV1:provider_consensus_momentum,Bull -> RawProviderConsensusRiskOn -> CrossVenueMomentum -> ProviderRawDailyConsensusV1:provider_consensus_momentum,board-b-provider-raw-daily-consensus/v1,1d_hold_5,long_research_only_until_branch_rc_spa_passes,suppress_if_bull_raw_provider_branch_rc_spa_fails,long,1,4729.5,4815.5,0.018183740353102884,0.001,0.017183740353102883,2024,source_panel_daily_asof,yf_es_f,equity_index,2,1.159889264690841
board-b-provider-raw-daily-consensus/v1,20260511T212329+0800-codex-board-b-provider-raw-daily-consensus-v1,ProviderRawDailyConsensusV1,provider_consensus_momentum,ES/USD,1d,ProviderRawDailyConsensusV1:provider_consensus_momentum:ES/USD:1d:yf_es_f:259,2024-01-12T05:00:00+00:00,2024-01-22T05:00:00+00:00,2024-01-12,^IXIC,Bull,0.9797225384,0.6,12.699999809265137,component_pass_from_205047_not_rescored_here,RawProviderConsensusRiskOn,CrossVenueMomentum,provider_raw_daily_consensus,ProviderRawDailyConsensusV1:provider_consensus_momentum,Bull -> RawProviderConsensusRiskOn -> CrossVenueMomentum -> ProviderRawDailyConsensusV1:provider_consensus_momentum,board-b-provider-raw-daily-consensus/v1,1d_hold_5,long_research_only_until_branch_rc_spa_passes,suppress_if_bull_raw_provider_branch_rc_spa_fails,long,1,4816.5,4881.0,0.013391466832762378,0.001,0.012391466832762377,2024,source_panel_daily_asof,yf_es_f,equity_index,2,1.1594981317673747
board-b-provider-raw-daily-consensus/v1,20260511T212329+0800-codex-board-b-provider-raw-daily-consensus-v1,ProviderRawDailyConsensusV1,provider_consensus_momentum,ES/USD,1d,ProviderRawDailyConsensusV1:provider_consensus_momentum:ES/USD:1d:yf_es_f:265,2024-01-23T05:00:00+00:00,2024-01-30T05:00:00+00:00,2024-01-23,^IXIC,Bull,0.9797225384,0.8,12.550000190734863,component_pass_from_205047_not_rescored_here,RawProviderConsensusRiskOn,CrossVenueMomentum,provider_raw_daily_consensus,ProviderRawDailyConsensusV1:provider_consensus_momentum,Bull -> RawProviderConsensusRiskOn -> CrossVenueMomentum -> ProviderRawDailyConsensusV1:provider_consensus_momentum,board-b-provider-raw-daily-consensus/v1,1d_hold_5,long_research_only_until_branch_rc_spa_passes,suppress_if_bull_raw_provider_branch_rc_spa_fails,long,1,4895.0,4951.0,0.011440245148110373,0.001,0.010440245148110372,2024,source_panel_daily_asof,yf_es_f,equity_index,2,1.159301512987709
board-b-provider-raw-daily-consensus/v1,20260511T212329+0800-codex-board-b-provider-raw-daily-consensus-v1,ProviderRawDailyConsensusV1,provider_consensus_momentum,ES/USD,1d,ProviderRawDailyConsensusV1:provider_consensus_momentum:ES/USD:1d:yf_es_f:271,2024-01-31T05:00:00+00:00,2024-02-07T05:00:00+00:00,2024-01-31,^IXIC,Bull,0.9797225384,0.6,14.350000381469728,component_pass_from_205047_not_rescored_here,RawProviderConsensusRiskOn,CrossVenueMomentum,provider_raw_daily_consensus,ProviderRawDailyConsensusV1:provider_consensus_momentum,Bull -> RawProviderConsensusRiskOn -> CrossVenueMomentum -> ProviderRawDailyConsensusV1:provider_consensus_momentum,board-b-provider-raw-daily-consensus/v1,1d_hold_5,long_research_only_until_branch_rc_spa_passes,suppress_if_bull_raw_provider_branch_rc_spa_fails,long,1,4870.5,5015.25,0.029719741299661262,0.001,0.02871974129966126,2024,source_panel_daily_asof,yf_es_f,equity_index,2,1.1590867261383455
board-b-provider-raw-daily-consensus/v1,20260511T212329+0800-codex-board-b-provider-raw-daily-consensus-v1,ProviderRawDailyConsensusV1,provider_consensus_momentum,ES/USD,1d,ProviderRawDailyConsensusV1:provider_consensus_momentum:ES/USD:1d:yf_es_f:277,2024-02-08T05:00:00+00:00,2024-02-15T05:00:00+00:00,2024-02-08,^IXIC,Bull,0.9797225384,0.833,12.789999961853027,component_pass_from_205047_not_rescored_here,RawProviderConsensusRiskOn,CrossVenueMomentum,provider_raw_daily_consensus,ProviderRawDailyConsensusV1:provider_consensus_momentum,Bull -> RawProviderConsensusRiskOn -> CrossVenueMomentum -> ProviderRawDailyConsensusV1:provider_consensus_momentum,board-b-provider-raw-daily-consensus/v1,1d_hold_5,long_research_only_until_branch_rc_spa_passes,suppress_if_bull_raw_provider_branch_rc_spa_fails,long,1,5017.75,5046.5,0.005729659708036516,0.001,0.004729659708036516,2024,source_panel_daily_asof,yf_es_f,equity_index,2,1.1586943569155752
board-b-provider-raw-daily-consensus/v1,20260511T212329+0800-codex-board-b-provider-raw-daily-consensus-v1,ProviderRawDailyConsensusV1,provider_consensus_momentum,ES/USD,1d,ProviderRawDailyConsensusV1:provider_consensus_momentum:ES/USD:1d:yf_es_f:283,2024-02-16T05:00:00+00:00,2024-02-26T05:00:00+00:00,2024-02-16,^IXIC,Bull,0.9797225384,0.6,14.239999771118164,component_pass_from_205047_not_rescored_here,RawProviderConsensusRiskOn,CrossVenueMomentum,provider_raw_daily_consensus,ProviderRawDailyConsensusV1:provider_consensus_momentum,Bull -> RawProviderConsensusRiskOn -> CrossVenueMomentum -> ProviderRawDailyConsensusV1:provider_consensus_momentum,board-b-provider-raw-daily-consensus/v1,1d_hold_5,long_research_only_until_branch_rc_spa_passes,suppress_if_bull_raw_provider_branch_rc_spa_fails,long,1,5019.75,5080.25,0.012052393047462528,0.001,0.011052393047462528,2024,source_panel_daily_asof,yf_es_f,equity_index,2,1.158232206502288
board-b-provider-raw-daily-consensus/v1,20260511T212329+0800-codex-board-b-provider-raw-daily-consensus-v1,ProviderRawDailyConsensusV1,provider_consensus_momentum,ES/USD,1d,ProviderRawDailyConsensusV1:provider_consensus_momentum:ES/USD:1d:yf_es_f:289,2024-02-27T05:00:00+00:00,2024-03-05T05:00:00+00:00,2024-02-27,^IXIC,Bull,0.9797225384,0.6,13.43000030517578,component_pass_from_205047_not_rescored_here,RawProviderConsensusRiskOn,CrossVenueMomentum,provider_raw_daily_consensus,ProviderRawDailyConsensusV1:provider_consensus_momentum,Bull -> RawProviderConsensusRiskOn -> CrossVenueMomentum -> ProviderRawDailyConsensusV1:provider_consensus_momentum,board-b-provider-raw-daily-consensus/v1,1d_hold_5,long_research_only_until_branch_rc_spa_passes,suppress_if_bull_raw_provider_branch_rc_spa_fails,long,1,5090.0,5085.75,-0.0008349705304518951,0.001,-0.001834970530451895,2024,source_panel_daily_asof,yf_es_f,equity_index,2,1.1580348101807545
board-b-provider-raw-daily-consensus/v1,20260511T212329+0800-codex-board-b-provider-raw-daily-consensus-v1,ProviderRawDailyConsensusV1,provider_consensus_momentum,ES/USD,1d,ProviderRawDailyConsensusV1:provider_consensus_momentum:ES/USD:1d:yf_es_f:295,2024-03-06T05:00:00+00:00,2024-03-13T04:00:00+00:00,2024-03-06,^IXIC,Bull,0.9797225384,0.6,14.5,component_pass_from_205047_not_rescored_here,RawProviderConsensusRiskOn,CrossVenueMomentum,provider_raw_daily_consensus,ProviderRawDailyConsensusV1:provider_consensus_momentum,Bull -> RawProviderConsensusRiskOn -> CrossVenueMomentum -> ProviderRawDailyConsensusV1:provider_consensus_momentum,board-b-provider-raw-daily-consensus/v1,1d_hold_5,long_research_only_until_branch_rc_spa_passes,suppress_if_bull_raw_provider_branch_rc_spa_fails,long,1,5111.75,5168.0,0.011004059275199207,0.001,0.010004059275199206,2024,source_panel_daily_asof,yf_es_f,equity_index,2,1.1577356246626316
board-b-provider-raw-daily-consensus/v1,20260511T212329+0800-codex-board-b-provider-raw-daily-consensus-v1,ProviderRawDailyConsensusV1,provider_consensus_momentum,ES/USD,1d,ProviderRawDailyConsensusV1:provider_consensus_momentum:ES/USD:1d:yf_es_f:301,2024-03-14T04:00:00+00:00,2024-03-21T04:00:00+00:00,2024-03-14,^IXIC,Bull,0.9797225384,0.6,14.399999618530272,component_pass_from_205047_not_rescored_here,RawProviderConsensusRiskOn,CrossVenueMomentum,provider_raw_daily_consensus,ProviderRawDailyConsensusV1:provider_consensus_momentum,Bull -> RawProviderConsensusRiskOn -> CrossVenueMomentum -> ProviderRawDailyConsensusV1:provider_consensus_momentum,board-b-provider-raw-daily-consensus/v1,1d_hold_5,long_research_only_until_branch_rc_spa_passes,suppress_if_bull_raw_provider_branch_rc_spa_fails,long,1,5153.75,5302.5,0.028862478777589073,0.001,0.027862478777589073,2024,source_panel_daily_asof,yf_es_f,equity_index,2,1.157276596352965
board-b-provider-raw-daily-consensus/v1,20260511T212329+0800-codex-board-b-provider-raw-daily-consensus-v1,ProviderRawDailyConsensusV1,provider_consensus_momentum,ES/USD,1d,ProviderRawDailyConsensusV1:provider_consensus_momentum:ES/USD:1d:yf_es_f:307,2024-03-22T04:00:00+00:00,2024-04-01T04:00:00+00:00,2024-03-22,^IXIC,Bull,0.9797225384,0.6,13.0600004196167,component_pass_from_205047_not_rescored_here,RawProviderConsensusRiskOn,CrossVenueMomentum,provider_raw_daily_consensus,ProviderRawDailyConsensusV1:provider_consensus_momentum,Bull -> RawProviderConsensusRiskOn -> CrossVenueMomentum -> ProviderRawDailyConsensusV1:provider_consensus_momentum,board-b-provider-raw-daily-consensus/v1,1d_hold_5,long_research_only_until_branch_rc_spa_passes,suppress_if_bull_raw_provider_branch_rc_spa_fails,long,1,5293.25,5295.25,0.0003778397015066215,0.001,-0.0006221602984933785,2024,source_panel_daily_asof,yf_es_f,equity_index,2,1.1606724668515769
board-b-provider-raw-daily-consensus/v1,20260511T212329+0800-codex-board-b-provider-raw-daily-consensus-v1,ProviderRawDailyConsensusV1,provider_consensus_momentum,ES/USD,1d,ProviderRawDailyConsensusV1:provider_consensus_momentum:ES/USD:1d:yf_es_f:313,2024-04-02T04:00:00+00:00,2024-04-09T04:00:00+00:00,2024-04-02,^IXIC,Bull,0.9797225384,0.6,14.609999656677246,component_pass_from_205047_not_rescored_here,RawProviderConsensusRiskOn,CrossVenueMomentum,provider_raw_daily_consensus,ProviderRawDailyConsensusV1:provider_consensus_momentum,Bull -> RawProviderConsensusRiskOn -> CrossVenueMomentum -> ProviderRawDailyConsensusV1:provider_consensus_momentum,board-b-provider-raw-daily-consensus/v1,1d_hold_5,long_research_only_until_branch_rc_spa_passes,suppress_if_bull_raw_provider_branch_rc_spa_fails,long,1,5260.5,5260.25,-4.752399961982512e-05,0.001,-0.0010475239996198251,2024,source_panel_daily_asof,yf_es_f,equity_index,2,1.1602916269024606
board-b-provider-raw-daily-consensus/v1,20260511T212329+0800-codex-board-b-provider-raw-daily-consensus-v1,ProviderRawDailyConsensusV1,provider_consensus_momentum,ES/USD,1d,ProviderRawDailyConsensusV1:provider_consensus_momentum:ES/USD:1d:yf_es_f:320,2024-04-11T04:00:00+00:00,2024-04-18T04:00:00+00:00,2024-04-11,^IXIC,Bull,0.9797225384,0.6,14.90999984741211,component_pass_from_205047_not_rescored_here,RawProviderConsensusRiskOn,CrossVenueMomentum,provider_raw_daily_consensus,ProviderRawDailyConsensusV1:provider_consensus_momentum,Bull -> RawProviderConsensusRiskOn -> CrossVenueMomentum -> ProviderRawDailyConsensusV1:provider_consensus_momentum,board-b-provider-raw-daily-consensus/v1,1d_hold_5,long_research_only_until_branch_rc_spa_passes,suppress_if_bull_raw_provider_branch_rc_spa_fails,long,1,5243.25,5049.0,-0.037047632670576425,0.001,-0.038047632670576426,2024,source_panel_daily_asof,yf_es_f,equity_index,2,1.1599067278114068
board-b-provider-raw-daily-consensus/v1,20260511T212329+0800-codex-board-b-provider-raw-daily-consensus-v1,ProviderRawDailyConsensusV1,provider_consensus_momentum,ES/USD,1d,ProviderRawDailyConsensusV1:provider_consensus_momentum:ES/USD:1d:yf_es_f:339,2024-05-08T04:00:00+00:00,2024-05-15T04:00:00+00:00,2024-05-08,^IXIC,Bull,0.9797225384,0.6,13.0,component_pass_from_205047_not_rescored_here,RawProviderConsensusRiskOn,CrossVenueMomentum,provider_raw_daily_consensus,ProviderRawDailyConsensusV1:provider_consensus_momentum,Bull -> RawProviderConsensusRiskOn -> CrossVenueMomentum -> ProviderRawDailyConsensusV1:provider_consensus_momentum,board-b-provider-raw-daily-consensus/v1,1d_hold_5,long_research_only_until_branch_rc_spa_passes,suppress_if_bull_raw_provider_branch_rc_spa_fails,long,1,5212.75,5333.0,0.023068437964606003,0.001,0.022068437964606002,2024,source_panel_daily_asof,yf_es_f,equity_index,2,1.1589169570108155
board-b-provider-raw-daily-consensus/v1,20260511T212329+0800-codex-board-b-provider-raw-daily-consensus-v1,ProviderRawDailyConsensusV1,provider_consensus_momentum,ES/USD,1d,ProviderRawDailyConsensusV1:provider_consensus_momentum:ES/USD:1d:yf_es_f:345,2024-05-16T04:00:00+00:00,2024-05-23T04:00:00+00:00,2024-05-16,^IXIC,Bull,0.9797225384,1.0,12.420000076293944,component_pass_from_205047_not_rescored_here,RawProviderConsensusRiskOn,CrossVenueMomentum,provider_raw_daily_consensus,ProviderRawDailyConsensusV1:provider_consensus_momentum,Bull -> RawProviderConsensusRiskOn -> CrossVenueMomentum -> ProviderRawDailyConsensusV1:provider_consensus_momentum,board-b-provider-raw-daily-consensus/v1,1d_hold_5,long_research_only_until_branch_rc_spa_passes,suppress_if_bull_raw_provider_branch_rc_spa_fails,long,1,5320.25,5285.25,-0.006578638221888089,0.001,-0.007578638221888089,2024,source_panel_daily_asof,yf_es_f,equity_index,2,1.1585499476218368
board-b-provider-raw-daily-consensus/v1,20260511T212329+0800-codex-board-b-provider-raw-daily-consensus-v1,ProviderRawDailyConsensusV1,provider_consensus_momentum,ES/USD,1d,ProviderRawDailyConsensusV1:provider_consensus_momentum:ES/USD:1d:yf_es_f:351,2024-05-24T04:00:00+00:00,2024-06-03T04:00:00+00:00,2024-05-24,^IXIC,Bull,0.9797225384,1.0,11.93000030517578,component_pass_from_205047_not_rescored_here,RawProviderConsensusRiskOn,CrossVenueMomentum,provider_raw_daily_consensus,ProviderRawDailyConsensusV1:provider_consensus_momentum,Bull -> RawProviderConsensusRiskOn -> CrossVenueMomentum -> ProviderRawDailyConsensusV1:provider_consensus_momentum,board-b-provider-raw-daily-consensus/v1,1d_hold_5,long_research_only_until_branch_rc_spa_passes,suppress_if_bull_raw_provider_branch_rc_spa_fails,long,1,5321.5,5297.25,-0.004556985812270931,0.001,-0.005556985812270931,2024,source_panel_daily_asof,yf_es_f,equity_index,2,1.1582747793388968
board-b-provider-raw-daily-consensus/v1,20260511T212329+0800-codex-board-b-provider-raw-daily-consensus-v1,ProviderRawDailyConsensusV1,provider_consensus_momentum,ES/USD,1d,ProviderRawDailyConsensusV1:provider_consensus_momentum:ES/USD:1d:yf_es_f:357,2024-06-04T04:00:00+00:00,2024-06-11T04:00:00+00:00,2024-06-04,^IXIC,Bull,0.9797225384,0.6,13.15999984741211,component_pass_from_205047_not_rescored_here,RawProviderConsensusRiskOn,CrossVenueMomentum,provider_raw_daily_consensus,ProviderRawDailyConsensusV1:provider_consensus_momentum,Bull -> RawProviderConsensusRiskOn -> CrossVenueMomentum -> ProviderRawDailyConsensusV1:provider_consensus_momentum,board-b-provider-raw-daily-consensus/v1,1d_hold_5,long_research_only_until_branch_rc_spa_passes,suppress_if_bull_raw_provider_branch_rc_spa_fails,long,1,5304.0,5384.0,0.015082956259426794,0.001,0.014082956259426793,2024,source_panel_daily_asof,yf_es_f,equity_index,2,1.1579699562145376
board-b-provider-raw-daily-consensus/v1,20260511T212329+0800-codex-board-b-provider-raw-daily-consensus-v1,ProviderRawDailyConsensusV1,provider_consensus_momentum,ES/USD,1d,ProviderRawDailyConsensusV1:provider_consensus_momentum:ES/USD:1d:yf_es_f:363,2024-06-12T04:00:00+00:00,2024-06-20T04:00:00+00:00,2024-06-12,^IXIC,Bull,0.9797225384,1.0,12.039999961853027,component_pass_from_205047_not_rescored_here,RawProviderConsensusRiskOn,CrossVenueMomentum,provider_raw_daily_consensus,ProviderRawDailyConsensusV1:provider_consensus_momentum,Bull -> RawProviderConsensusRiskOn -> CrossVenueMomentum -> ProviderRawDailyConsensusV1:provider_consensus_momentum,board-b-provider-raw-daily-consensus/v1,1d_hold_5,long_research_only_until_branch_rc_spa_passes,suppress_if_bull_raw_provider_branch_rc_spa_fails,long,1,5427.5,5476.75,0.009074159373560597,0.001,0.008074159373560597,2024,source_panel_daily_asof,yf_es_f,equity_index,2,1.1576826216945841
board-b-provider-raw-daily-consensus/v1,20260511T212329+0800-codex-board-b-provider-raw-daily-consensus-v1,ProviderRawDailyConsensusV1,provider_consensus_momentum,ES/USD,1d,ProviderRawDailyConsensusV1:provider_consensus_momentum:ES/USD:1d:yf_es_f:369,2024-06-21T04:00:00+00:00,2024-06-28T04:00:00+00:00,2024-06-21,^IXIC,Bull,0.9797225384,1.0,13.199999809265137,component_pass_from_205047_not_rescored_here,RawProviderConsensusRiskOn,CrossVenueMomentum,provider_raw_daily_consensus,ProviderRawDailyConsensusV1:provider_consensus_momentum,Bull -> RawProviderConsensusRiskOn -> CrossVenueMomentum -> ProviderRawDailyConsensusV1:provider_consensus_momentum,board-b-provider-raw-daily-consensus/v1,1d_hold_5,long_research_only_until_branch_rc_spa_passes,suppress_if_bull_raw_provider_branch_rc_spa_fails,long,1,5471.89013671875,5521.5,0.009066312013164657,0.001,0.008066312013164656,2024,source_panel_daily_asof,yf_es_f,equity_index,2,1.1582287801413393
board-b-provider-raw-daily-consensus/v1,20260511T212329+0800-codex-board-b-provider-raw-daily-consensus-v1,ProviderRawDailyConsensusV1,provider_consensus_momentum,ES/USD,1d,ProviderRawDailyConsensusV1:provider_consensus_momentum:ES/USD:1d:yf_es_f:375,2024-07-01T04:00:00+00:00,2024-07-09T04:00:00+00:00,2024-07-01,^IXIC,Bull,0.9797225384,1.0,12.220000267028809,component_pass_from_205047_not_rescored_here,RawProviderConsensusRiskOn,CrossVenueMomentum,provider_raw_daily_consensus,ProviderRawDailyConsensusV1:provider_consensus_momentum,Bull -> RawProviderConsensusRiskOn -> CrossVenueMomentum -> ProviderRawDailyConsensusV1:provider_consensus_momentum,board-b-provider-raw-daily-consensus/v1,1d_hold_5,long_research_only_until_branch_rc_spa_passes,suppress_if_bull_raw_provider_branch_rc_spa_fails,long,1,5533.75,5631.25,0.017619155184097623,0.001,0.016619155184097623,2024,source_panel_daily_asof,yf_es_f,equity_index,2,1.1604824089679382
board-b-provider-raw-daily-consensus/v1,20260511T212329+0800-codex-board-b-provider-raw-daily-consensus-v1,ProviderRawDailyConsensusV1,provider_consensus_momentum,ES/USD,1d,ProviderRawDailyConsensusV1:provider_consensus_momentum:ES/USD:1d:yf_es_f:381,2024-07-10T04:00:00+00:00,2024-07-17T04:00:00+00:00,2024-07-10,^IXIC,Bull,0.9797225384,1.0,12.850000381469728,component_pass_from_205047_not_rescored_here,RawProviderConsensusRiskOn,CrossVenueMomentum,provider_raw_daily_consensus,ProviderRawDailyConsensusV1:provider_consensus_momentum,Bull -> RawProviderConsensusRiskOn -> CrossVenueMomentum -> ProviderRawDailyConsensusV1:provider_consensus_momentum,board-b-provider-raw-daily-consensus/v1,1d_hold_5,long_research_only_until_branch_rc_spa_passes,suppress_if_bull_raw_provider_branch_rc_spa_fails,long,1,5688.0,5639.0,-0.008614627285513321,0.001,-0.009614627285513322,2024,source_panel_daily_asof,yf_es_f,equity_index,2,1.1601614843041503
board-b-provider-raw-daily-consensus/v1,20260511T212329+0800-codex-board-b-provider-raw-daily-consensus-v1,ProviderRawDailyConsensusV1,provider_consensus_momentum,ES/USD,1d,ProviderRawDailyConsensusV1:provider_consensus_momentum:ES/USD:1d:yf_es_f:387,2024-07-18T04:00:00+00:00,2024-07-25T04:00:00+00:00,2024-07-18,^IXIC,Bull,0.9797225384,0.6,15.93000030517578,component_pass_from_205047_not_rescored_here,RawProviderConsensusRiskOn,CrossVenueMomentum,provider_raw_daily_consensus,ProviderRawDailyConsensusV1:provider_consensus_momentum,Bull -> RawProviderConsensusRiskOn -> CrossVenueMomentum -> ProviderRawDailyConsensusV1:provider_consensus_momentum,board-b-provider-raw-daily-consensus/v1,1d_hold_5,long_research_only_until_branch_rc_spa_passes,suppress_if_bull_raw_provider_branch_rc_spa_fails,long,1,5594.5,5441.25,-0.027392975243542783,0.001,-0.028392975243542784,2024,source_panel_daily_asof,yf_es_f,equity_index,2,1.1599240261266726
board-b-provider-raw-daily-consensus/v1,20260511T212329+0800-codex-board-b-provider-raw-daily-consensus-v1,ProviderRawDailyConsensusV1,provider_consensus_momentum,ES/USD,1d,ProviderRawDailyConsensusV1:provider_consensus_momentum:ES/USD:1d:yf_es_f:408,2024-08-16T04:00:00+00:00,2024-08-23T04:00:00+00:00,2024-08-16,^IXIC,Bull,0.9797225384,0.4,14.800000190734863,component_pass_from_205047_not_rescored_here,RawProviderConsensusRiskOn,CrossVenueMomentum,provider_raw_daily_consensus,ProviderRawDailyConsensusV1:provider_consensus_momentum,Bull -> RawProviderConsensusRiskOn -> CrossVenueMomentum -> ProviderRawDailyConsensusV1:provider_consensus_momentum,board-b-provider-raw-daily-consensus/v1,1d_hold_5,long_research_only_until_branch_rc_spa_passes,suppress_if_bull_raw_provider_branch_rc_spa_fails,long,1,5578.25,5652.5,0.013310626092412514,0.001,0.012310626092412513,2024,source_panel_daily_asof,yf_es_f,equity_index,2,1.158557615552048
board-b-provider-raw-daily-consensus/v1,20260511T212329+0800-codex-board-b-provider-raw-daily-consensus-v1,ProviderRawDailyConsensusV1,provider_consensus_momentum,ES/USD,1d,ProviderRawDailyConsensusV1:provider_consensus_momentum:ES/USD:1d:yf_es_f:414,2024-08-26T04:00:00+00:00,2024-09-03T04:00:00+00:00,2024-08-26,^IXIC,Bull,0.9797225384,0.6,16.149999618530273,component_pass_from_205047_not_rescored_here,RawProviderConsensusRiskOn,CrossVenueMomentum,provider_raw_daily_consensus,ProviderRawDailyConsensusV1:provider_consensus_momentum,Bull -> RawProviderConsensusRiskOn -> CrossVenueMomentum -> ProviderRawDailyConsensusV1:provider_consensus_momentum,board-b-provider-raw-daily-consensus/v1,1d_hold_5,long_research_only_until_branch_rc_spa_passes,suppress_if_bull_raw_provider_branch_rc_spa_fails,long,1,5637.0,5541.75,-0.01689728579031402,0.001,-0.01789728579031402,2024,source_panel_daily_asof,yf_es_f,equity_index,2,1.1582911140872294
board-b-provider-raw-daily-consensus/v1,20260511T212329+0800-codex-board-b-provider-raw-daily-consensus-v1,ProviderRawDailyConsensusV1,provider_consensus_momentum,ES/USD,1d,ProviderRawDailyConsensusV1:provider_consensus_momentum:ES/USD:1d:yf_es_f:421,2024-09-05T04:00:00+00:00,2024-09-12T04:00:00+00:00,2024-09-05,^IXIC,Bull,0.9797225384,0.6,19.899999618530273,component_pass_from_205047_not_rescored_here,RawProviderConsensusRiskOn,CrossVenueMomentum,provider_raw_daily_consensus,ProviderRawDailyConsensusV1:provider_consensus_momentum,Bull -> RawProviderConsensusRiskOn -> CrossVenueMomentum -> ProviderRawDailyConsensusV1:provider_consensus_momentum,board-b-provider-raw-daily-consensus/v1,1d_hold_5,long_research_only_until_branch_rc_spa_passes,suppress_if_bull_raw_provider_branch_rc_spa_fails,long,1,5512.25,5602.25,0.016327271078053318,0.001,0.015327271078053317,2024,source_panel_daily_asof,yf_es_f,equity_index,2,1.1577688747101946
board-b-provider-raw-daily-consensus/v1,20260511T212329+0800-codex-board-b-provider-raw-daily-consensus-v1,ProviderRawDailyConsensusV1,provider_consensus_momentum,ES/USD,1d,ProviderRawDailyConsensusV1:provider_consensus_momentum:ES/USD:1d:yf_es_f:427,2024-09-13T04:00:00+00:00,2024-09-20T04:00:00+00:00,2024-09-13,^IXIC,Bull,0.9797225384,0.6,16.559999465942383,component_pass_from_205047_not_rescored_here,RawProviderConsensusRiskOn,CrossVenueMomentum,provider_raw_daily_consensus,ProviderRawDailyConsensusV1:provider_consensus_momentum,Bull -> RawProviderConsensusRiskOn -> CrossVenueMomentum -> ProviderRawDailyConsensusV1:provider_consensus_momentum,board-b-provider-raw-daily-consensus/v1,1d_hold_5,long_research_only_until_branch_rc_spa_passes,suppress_if_bull_raw_provider_branch_rc_spa_fails,long,1,5629.75,5699.990234375,0.012476616967893817,0.001,0.011476616967893816,2024,source_panel_daily_asof,yf_es_f,equity_index,2,1.157484562299958
board-b-provider-raw-daily-consensus/v1,20260511T212329+0800-codex-board-b-provider-raw-daily-consensus-v1,ProviderRawDailyConsensusV1,provider_consensus_momentum,ES/USD,1d,ProviderRawDailyConsensusV1:provider_consensus_momentum:ES/USD:1d:yf_es_f:433,2024-09-23T04:00:00+00:00,2024-09-30T04:00:00+00:00,2024-09-23,^IXIC,Bull,0.9797225384,0.6,15.890000343322754,component_pass_from_205047_not_rescored_here,RawProviderConsensusRiskOn,CrossVenueMomentum,provider_raw_daily_consensus,ProviderRawDailyConsensusV1:provider_consensus_momentum,Bull -> RawProviderConsensusRiskOn -> CrossVenueMomentum -> ProviderRawDailyConsensusV1:provider_consensus_momentum,board-b-provider-raw-daily-consensus/v1,1d_hold_5,long_research_only_until_branch_rc_spa_passes,suppress_if_bull_raw_provider_branch_rc_spa_fails,long,1,5776.75,5814.25,0.00649153936036706,0.001,0.00549153936036706,2024,source_panel_daily_asof,yf_es_f,equity_index,2,1.1603271136105384
board-b-provider-raw-daily-consensus/v1,20260511T212329+0800-codex-board-b-provider-raw-daily-consensus-v1,ProviderRawDailyConsensusV1,provider_consensus_momentum,ES/USD,1d,ProviderRawDailyConsensusV1:provider_consensus_momentum:ES/USD:1d:yf_es_f:439,2024-10-01T04:00:00+00:00,2024-10-08T04:00:00+00:00,2024-10-01,^IXIC,Bull,0.9797225384,0.6,19.260000228881836,component_pass_from_205047_not_rescored_here,RawProviderConsensusRiskOn,CrossVenueMomentum,provider_raw_daily_consensus,ProviderRawDailyConsensusV1:provider_consensus_momentum,Bull -> RawProviderConsensusRiskOn -> CrossVenueMomentum -> ProviderRawDailyConsensusV1:provider_consensus_momentum,board-b-provider-raw-daily-consensus/v1,1d_hold_5,long_research_only_until_branch_rc_spa_passes,suppress_if_bull_raw_provider_branch_rc_spa_fails,long,1,5759.75,5800.5,0.007074959850688067,0.001,0.006074959850688067,2024,source_panel_daily_asof,yf_es_f,equity_index,2,1.1600722559856014
board-b-provider-raw-daily-consensus/v1,20260511T212329+0800-codex-board-b-provider-raw-daily-consensus-v1,ProviderRawDailyConsensusV1,provider_consensus_momentum,ES/USD,1d,ProviderRawDailyConsensusV1:provider_consensus_momentum:ES/USD:1d:yf_es_f:445,2024-10-09T04:00:00+00:00,2024-10-16T04:00:00+00:00,2024-10-09,^IXIC,Bull,0.9797225384,0.833,20.86000061035156,component_pass_from_205047_not_rescored_here,RawProviderConsensusRiskOn,CrossVenueMomentum,provider_raw_daily_consensus,ProviderRawDailyConsensusV1:provider_consensus_momentum,Bull -> RawProviderConsensusRiskOn -> CrossVenueMomentum -> ProviderRawDailyConsensusV1:provider_consensus_momentum,board-b-provider-raw-daily-consensus/v1,1d_hold_5,long_research_only_until_branch_rc_spa_passes,suppress_if_bull_raw_provider_branch_rc_spa_fails,long,1,5841.25,5887.0,0.00783222769099079,0.001,0.0068322276909907895,2024,source_panel_daily_asof,yf_es_f,equity_index,2,1.1598821072133905
board-b-provider-raw-daily-consensus/v1,20260511T212329+0800-codex-board-b-provider-raw-daily-consensus-v1,ProviderRawDailyConsensusV1,provider_consensus_momentum,ES/USD,1d,ProviderRawDailyConsensusV1:provider_consensus_momentum:ES/USD:1d:yf_es_f:451,2024-10-17T04:00:00+00:00,2024-10-24T04:00:00+00:00,2024-10-17,^IXIC,Bull,0.9797225384,0.6,19.11000061035156,component_pass_from_205047_not_rescored_here,RawProviderConsensusRiskOn,CrossVenueMomentum,provider_raw_daily_consensus,ProviderRawDailyConsensusV1:provider_consensus_momentum,Bull -> RawProviderConsensusRiskOn -> CrossVenueMomentum -> ProviderRawDailyConsensusV1:provider_consensus_momentum,board-b-provider-raw-daily-consensus/v1,1d_hold_5,long_research_only_until_branch_rc_spa_passes,suppress_if_bull_raw_provider_branch_rc_spa_fails,long,1,5887.0,5849.0,-0.006454900628503513,0.001,-0.007454900628503513,2024,source_panel_daily_asof,yf_es_f,equity_index,2,1.1596076942010978
board-b-provider-raw-daily-consensus/v1,20260511T212329+0800-codex-board-b-provider-raw-daily-consensus-v1,ProviderRawDailyConsensusV1,provider_consensus_momentum,ES/USD,1d,ProviderRawDailyConsensusV1:provider_consensus_momentum:ES/USD:1d:yf_es_f:457,2024-10-25T04:00:00+00:00,2024-11-01T04:00:00+00:00,2024-10-25,^IXIC,Bull,0.9797225384,0.6,20.329999923706055,component_pass_from_205047_not_rescored_here,RawProviderConsensusRiskOn,CrossVenueMomentum,provider_raw_daily_consensus,ProviderRawDailyConsensusV1:provider_consensus_momentum,Bull -> RawProviderConsensusRiskOn -> CrossVenueMomentum -> ProviderRawDailyConsensusV1:provider_consensus_momentum,board-b-provider-raw-daily-consensus/v1,1d_hold_5,long_research_only_until_branch_rc_spa_passes,suppress_if_bull_raw_provider_branch_rc_spa_fails,long,1,5846.0,5758.25,-0.015010263427984949,0.001,-0.01601026342798495,2024,source_panel_daily_asof,yf_es_f,equity_index,2,1.1593089414266249
board-b-provider-raw-daily-consensus/v1,20260511T212329+0800-codex-board-b-provider-raw-daily-consensus-v1,ProviderRawDailyConsensusV1,provider_consensus_momentum,ES/USD,1d,ProviderRawDailyConsensusV1:provider_consensus_momentum:ES/USD:1d:yf_es_f:464,2024-11-05T05:00:00+00:00,2024-11-12T05:00:00+00:00,2024-11-05,^IXIC,Bull,0.9797225384,0.6,20.489999771118164,component_pass_from_205047_not_rescored_here,RawProviderConsensusRiskOn,CrossVenueMomentum,provider_raw_daily_consensus,ProviderRawDailyConsensusV1:provider_consensus_momentum,Bull -> RawProviderConsensusRiskOn -> CrossVenueMomentum -> ProviderRawDailyConsensusV1:provider_consensus_momentum,board-b-provider-raw-daily-consensus/v1,1d_hold_5,long_research_only_until_branch_rc_spa_passes,suppress_if_bull_raw_provider_branch_rc_spa_fails,long,1,5812.25,6013.0,0.03453911996214898,0.001,0.03353911996214898,2024,source_panel_daily_asof,yf_es_f,equity_index,2,1.1589049507465732
board-b-provider-raw-daily-consensus/v1,20260511T212329+0800-codex-board-b-provider-raw-daily-consensus-v1,ProviderRawDailyConsensusV1,provider_consensus_momentum,ES/USD,1d,ProviderRawDailyConsensusV1:provider_consensus_momentum:ES/USD:1d:yf_es_f:470,2024-11-13T05:00:00+00:00,2024-11-20T05:00:00+00:00,2024-11-13,^IXIC,Bull,0.9797225384,0.6,14.020000457763672,component_pass_from_205047_not_rescored_here,RawProviderConsensusRiskOn,CrossVenueMomentum,provider_raw_daily_consensus,ProviderRawDailyConsensusV1:provider_consensus_momentum,Bull -> RawProviderConsensusRiskOn -> CrossVenueMomentum -> ProviderRawDailyConsensusV1:provider_consensus_momentum,board-b-provider-raw-daily-consensus/v1,1d_hold_5,long_research_only_until_branch_rc_spa_passes,suppress_if_bull_raw_provider_branch_rc_spa_fails,long,1,6016.0,5937.75,-0.013006981382978733,0.001,-0.014006981382978734,2024,source_panel_daily_asof,yf_es_f,equity_index,2,1.1587984902356026
board-b-provider-raw-daily-consensus/v1,20260511T212329+0800-codex-board-b-provider-raw-daily-consensus-v1,ProviderRawDailyConsensusV1,provider_consensus_momentum,ES/USD,1d,ProviderRawDailyConsensusV1:provider_consensus_momentum:ES/USD:1d:yf_es_f:476,2024-11-21T05:00:00+00:00,2024-11-29T14:30:00+00:00,2024-11-21,^IXIC,Bull,0.9797225384,0.6,16.8700008392334,component_pass_from_205047_not_rescored_here,RawProviderConsensusRiskOn,CrossVenueMomentum,provider_raw_daily_consensus,ProviderRawDailyConsensusV1:provider_consensus_momentum,Bull -> RawProviderConsensusRiskOn -> CrossVenueMomentum -> ProviderRawDailyConsensusV1:provider_consensus_momentum,board-b-provider-raw-daily-consensus/v1,1d_hold_5,long_research_only_until_branch_rc_spa_passes,suppress_if_bull_raw_provider_branch_rc_spa_fails,long,1,5970.5,6051.5,0.013566702956201215,0.001,0.012566702956201214,2024,source_panel_daily_asof,yf_es_f,equity_index,2,1.1584078341268167
board-b-provider-raw-daily-consensus/v1,20260511T212329+0800-codex-board-b-provider-raw-daily-consensus-v1,ProviderRawDailyConsensusV1,provider_consensus_momentum,ES/USD,1d,ProviderRawDailyConsensusV1:provider_consensus_momentum:ES/USD:1d:yf_es_f:482,2024-12-02T05:00:00+00:00,2024-12-09T05:00:00+00:00,2024-12-02,^IXIC,Bull,0.9797225384,0.833,13.34000015258789,component_pass_from_205047_not_rescored_here,RawProviderConsensusRiskOn,CrossVenueMomentum,provider_raw_daily_consensus,ProviderRawDailyConsensusV1:provider_consensus_momentum,Bull -> RawProviderConsensusRiskOn -> CrossVenueMomentum -> ProviderRawDailyConsensusV1:provider_consensus_momentum,board-b-provider-raw-daily-consensus/v1,1d_hold_5,long_research_only_until_branch_rc_spa_passes,suppress_if_bull_raw_provider_branch_rc_spa_fails,long,1,6061.75,6065.75,0.0006598754485089842,0.001,-0.00034012455149101586,2024,source_panel_daily_asof,yf_es_f,equity_index,2,1.1580656041365804
board-b-provider-raw-daily-consensus/v1,20260511T212329+0800-codex-board-b-provider-raw-daily-consensus-v1,ProviderRawDailyConsensusV1,provider_consensus_momentum,ES/USD,1d,ProviderRawDailyConsensusV1:provider_consensus_momentum:ES/USD:1d:yf_es_f:488,2024-12-10T05:00:00+00:00,2024-12-17T05:00:00+00:00,2024-12-10,^IXIC,Bull,0.9797225384,0.8,14.18000030517578,component_pass_from_205047_not_rescored_here,RawProviderConsensusRiskOn,CrossVenueMomentum,provider_raw_daily_consensus,ProviderRawDailyConsensusV1:provider_consensus_momentum,Bull -> RawProviderConsensusRiskOn -> CrossVenueMomentum -> ProviderRawDailyConsensusV1:provider_consensus_momentum,board-b-provider-raw-daily-consensus/v1,1d_hold_5,long_research_only_until_branch_rc_spa_passes,suppress_if_bull_raw_provider_branch_rc_spa_fails,long,1,6046.25,6053.75,0.0012404382881952003,0.001,0.00024043828819520028,2024,source_panel_daily_asof,yf_es_f,equity_index,2,1.1577895861057363
board-b-provider-raw-daily-consensus/v1,20260511T212329+0800-codex-board-b-provider-raw-daily-consensus-v1,ProviderRawDailyConsensusV1,provider_consensus_momentum,ES/USD,1d,ProviderRawDailyConsensusV1:provider_consensus_momentum:ES/USD:1d:yf_es_f:497,2024-12-23T05:00:00+00:00,2024-12-31T05:00:00+00:00,2024-12-23,^IXIC,Bull,0.9797225384,0.6,16.780000686645508,component_pass_from_205047_not_rescored_here,RawProviderConsensusRiskOn,CrossVenueMomentum,provider_raw_daily_consensus,ProviderRawDailyConsensusV1:provider_consensus_momentum,Bull -> RawProviderConsensusRiskOn -> CrossVenueMomentum -> ProviderRawDailyConsensusV1:provider_consensus_momentum,board-b-provider-raw-daily-consensus/v1,1d_hold_5,long_research_only_until_branch_rc_spa_passes,suppress_if_bull_raw_provider_branch_rc_spa_fails,long,1,6036.0,5935.75,-0.016608681245858237,0.001,-0.017608681245858238,2024,source_panel_daily_asof,yf_es_f,equity_index,2,1.1605390076734592
board-b-provider-raw-daily-consensus/v1,20260511T212329+0800-codex-board-b-provider-raw-daily-consensus-v1,ProviderRawDailyConsensusV1,provider_consensus_momentum,ES/USD,1d,ProviderRawDailyConsensusV1:provider_consensus_momentum:ES/USD:1d:yf_es_f:515,2025-01-21T05:00:00+00:00,2025-01-28T05:00:00+00:00,2025-01-21,^IXIC,Bull,0.9797225384,0.6,15.0600004196167,component_pass_from_205047_not_rescored_here,RawProviderConsensusRiskOn,CrossVenueMomentum,provider_raw_daily_consensus,ProviderRawDailyConsensusV1:provider_consensus_momentum,Bull -> RawProviderConsensusRiskOn -> CrossVenueMomentum -> ProviderRawDailyConsensusV1:provider_consensus_momentum,board-b-provider-raw-daily-consensus/v1,1d_hold_5,long_research_only_until_branch_rc_spa_passes,suppress_if_bull_raw_provider_branch_rc_spa_fails,long,1,6084.25,6097.0,0.0020955746394379915,0.001,0.0010955746394379915,2025,source_panel_daily_asof,yf_es_f,equity_index,2,1.159150540501031
board-b-provider-raw-daily-consensus/v1,20260511T212329+0800-codex-board-b-provider-raw-daily-consensus-v1,ProviderRawDailyConsensusV1,provider_consensus_momentum,ES/USD,1d,ProviderRawDailyConsensusV1:provider_consensus_momentum:ES/USD:1d:yf_es_f:522,2025-01-30T05:00:00+00:00,2025-02-06T05:00:00+00:00,2025-01-30,^IXIC,Bull,0.9797225384,0.6,15.84000015258789,component_pass_from_205047_not_rescored_here,RawProviderConsensusRiskOn,CrossVenueMomentum,provider_raw_daily_consensus,ProviderRawDailyConsensusV1:provider_consensus_momentum,Bull -> RawProviderConsensusRiskOn -> CrossVenueMomentum -> ProviderRawDailyConsensusV1:provider_consensus_momentum,board-b-provider-raw-daily-consensus/v1,1d_hold_5,long_research_only_until_branch_rc_spa_passes,suppress_if_bull_raw_provider_branch_rc_spa_fails,long,1,6099.25,6106.0,0.0011066934459154076,0.001,0.00010669344591540762,2025,source_panel_daily_asof,yf_es_f,equity_index,2,1.158957377002678
board-b-provider-raw-daily-consensus/v1,20260511T212329+0800-codex-board-b-provider-raw-daily-consensus-v1,ProviderRawDailyConsensusV1,provider_consensus_momentum,ES/USD,1d,ProviderRawDailyConsensusV1:provider_consensus_momentum:ES/USD:1d:yf_es_f:529,2025-02-10T05:00:00+00:00,2025-02-18T05:00:00+00:00,2025-02-10,^IXIC,Bull,0.9797225384,0.6,15.8100004196167,component_pass_from_205047_not_rescored_here,RawProviderConsensusRiskOn,CrossVenueMomentum,provider_raw_daily_consensus,ProviderRawDailyConsensusV1:provider_consensus_momentum,Bull -> RawProviderConsensusRiskOn -> CrossVenueMomentum -> ProviderRawDailyConsensusV1:provider_consensus_momentum,board-b-provider-raw-daily-consensus/v1,1d_hold_5,long_research_only_until_branch_rc_spa_passes,suppress_if_bull_raw_provider_branch_rc_spa_fails,long,1,6088.75,6146.75,0.009525764730034858,0.001,0.008525764730034857,2025,source_panel_daily_asof,yf_es_f,equity_index,2,1.1586300073968236
board-b-provider-raw-daily-consensus/v1,20260511T212329+0800-codex-board-b-provider-raw-daily-consensus-v1,ProviderRawDailyConsensusV1,provider_consensus_momentum,ES/USD,1d,ProviderRawDailyConsensusV1:provider_consensus_momentum:ES/USD:1d:yf_es_f:535,2025-02-19T05:00:00+00:00,2025-02-26T05:00:00+00:00,2025-02-19,^IXIC,Bull,0.9797225384,0.6,15.270000457763672,component_pass_from_205047_not_rescored_here,RawProviderConsensusRiskOn,CrossVenueMomentum,provider_raw_daily_consensus,ProviderRawDailyConsensusV1:provider_consensus_momentum,Bull -> RawProviderConsensusRiskOn -> CrossVenueMomentum -> ProviderRawDailyConsensusV1:provider_consensus_momentum,board-b-provider-raw-daily-consensus/v1,1d_hold_5,long_research_only_until_branch_rc_spa_passes,suppress_if_bull_raw_provider_branch_rc_spa_fails,long,1,6163.0,5970.75,-0.03119422359240631,0.001,-0.03219422359240631,2025,source_panel_daily_asof,yf_es_f,equity_index,2,1.1583626579616606
board-b-provider-raw-daily-consensus/v1,20260511T212329+0800-codex-board-b-provider-raw-daily-consensus-v1,ProviderRawDailyConsensusV1,provider_consensus_momentum,ES/USD,1d,ProviderRawDailyConsensusV1:provider_consensus_momentum:ES/USD:1d:yf_es_f:586,2025-05-02T04:00:00+00:00,2025-05-09T04:00:00+00:00,2025-05-02,^IXIC,Bull,0.9797225384,0.222,22.68000030517578,component_pass_from_205047_not_rescored_here,RawProviderConsensusRiskOn,CrossVenueMomentum,provider_raw_daily_consensus,ProviderRawDailyConsensusV1:provider_consensus_momentum,Bull -> RawProviderConsensusRiskOn -> CrossVenueMomentum -> ProviderRawDailyConsensusV1:provider_consensus_momentum,board-b-provider-raw-daily-consensus/v1,1d_hold_5,long_research_only_until_branch_rc_spa_passes,suppress_if_bull_raw_provider_branch_rc_spa_fails,long,1,5709.0,5678.0,-0.005430022771063192,0.001,-0.006430022771063192,2025,source_panel_daily_asof,yf_es_f,equity_index,2,1.1587800559375332
board-b-provider-raw-daily-consensus/v1,20260511T212329+0800-codex-board-b-provider-raw-daily-consensus-v1,ProviderRawDailyConsensusV1,provider_consensus_momentum,ES/USD,1d,ProviderRawDailyConsensusV1:provider_consensus_momentum:ES/USD:1d:yf_es_f:592,2025-05-12T04:00:00+00:00,2025-05-19T04:00:00+00:00,2025-05-12,^IXIC,Bull,0.9797225384,0.6,18.38999938964844,component_pass_from_205047_not_rescored_here,RawProviderConsensusRiskOn,CrossVenueMomentum,provider_raw_daily_consensus,ProviderRawDailyConsensusV1:provider_consensus_momentum,Bull -> RawProviderConsensusRiskOn -> CrossVenueMomentum -> ProviderRawDailyConsensusV1:provider_consensus_momentum,board-b-provider-raw-daily-consensus/v1,1d_hold_5,long_research_only_until_branch_rc_spa_passes,suppress_if_bull_raw_provider_branch_rc_spa_fails,long,1,5865.0,5982.5,0.020034100596760362,0.001,0.01903410059676036,2025,source_panel_daily_asof,yf_es_f,equity_index,2,1.1584835280008665
board-b-provider-raw-daily-consensus/v1,20260511T212329+0800-codex-board-b-provider-raw-daily-consensus-v1,ProviderRawDailyConsensusV1,provider_consensus_momentum,ES/USD,1d,ProviderRawDailyConsensusV1:provider_consensus_momentum:ES/USD:1d:yf_es_f:598,2025-05-20T04:00:00+00:00,2025-05-28T04:00:00+00:00,2025-05-20,^IXIC,Bull,0.9797225384,0.8,18.09000015258789,component_pass_from_205047_not_rescored_here,RawProviderConsensusRiskOn,CrossVenueMomentum,provider_raw_daily_consensus,ProviderRawDailyConsensusV1:provider_consensus_momentum,Bull -> RawProviderConsensusRiskOn -> CrossVenueMomentum -> ProviderRawDailyConsensusV1:provider_consensus_momentum,board-b-provider-raw-daily-consensus/v1,1d_hold_5,long_research_only_until_branch_rc_spa_passes,suppress_if_bull_raw_provider_branch_rc_spa_fails,long,1,5959.75,5902.75,-0.009564159570451758,0.001,-0.010564159570451759,2025,source_panel_daily_asof,yf_es_f,equity_index,2,1.1583101105982232
board-b-provider-raw-daily-consensus/v1,20260511T212329+0800-codex-board-b-provider-raw-daily-consensus-v1,ProviderRawDailyConsensusV1,provider_consensus_momentum,ES/USD,1d,ProviderRawDailyConsensusV1:provider_consensus_momentum:ES/USD:1d:yf_es_f:604,2025-05-29T04:00:00+00:00,2025-06-05T04:00:00+00:00,2025-05-29,^IXIC,Bull,0.9797225384,0.8,19.18000030517578,component_pass_from_205047_not_rescored_here,RawProviderConsensusRiskOn,CrossVenueMomentum,provider_raw_daily_consensus,ProviderRawDailyConsensusV1:provider_consensus_momentum,Bull -> RawProviderConsensusRiskOn -> CrossVenueMomentum -> ProviderRawDailyConsensusV1:provider_consensus_momentum,board-b-provider-raw-daily-consensus/v1,1d_hold_5,long_research_only_until_branch_rc_spa_passes,suppress_if_bull_raw_provider_branch_rc_spa_fails,long,1,5922.75,5946.0,0.003925541344814487,0.001,0.002925541344814487,2025,source_panel_daily_asof,yf_es_f,equity_index,2,1.1579622735944042
board-b-provider-raw-daily-consensus/v1,20260511T212329+0800-codex-board-b-provider-raw-daily-consensus-v1,ProviderRawDailyConsensusV1,provider_consensus_momentum,ES/USD,1d,ProviderRawDailyConsensusV1:provider_consensus_momentum:ES/USD:1d:yf_es_f:610,2025-06-06T04:00:00+00:00,2025-06-13T04:00:00+00:00,2025-06-06,^IXIC,Bull,0.9797225384,0.6,16.770000457763672,component_pass_from_205047_not_rescored_here,RawProviderConsensusRiskOn,CrossVenueMomentum,provider_raw_daily_consensus,ProviderRawDailyConsensusV1:provider_consensus_momentum,Bull -> RawProviderConsensusRiskOn -> CrossVenueMomentum -> ProviderRawDailyConsensusV1:provider_consensus_momentum,board-b-provider-raw-daily-consensus/v1,1d_hold_5,long_research_only_until_branch_rc_spa_passes,suppress_if_bull_raw_provider_branch_rc_spa_fails,long,1,6006.75,5979.25,-0.004578182877596038,0.001,-0.005578182877596038,2025,source_panel_daily_asof,yf_es_f,equity_index,2,1.1576813062812326
board-b-provider-raw-daily-consensus/v1,20260511T212329+0800-codex-board-b-provider-raw-daily-consensus-v1,ProviderRawDailyConsensusV1,provider_consensus_momentum,ES/USD,1d,ProviderRawDailyConsensusV1:provider_consensus_momentum:ES/USD:1d:yf_es_f:621,2025-06-24T04:00:00+00:00,2025-07-01T04:00:00+00:00,2025-06-24,^IXIC,Bull,0.9797225384,0.6,17.479999542236328,component_pass_from_205047_not_rescored_here,RawProviderConsensusRiskOn,CrossVenueMomentum,provider_raw_daily_consensus,ProviderRawDailyConsensusV1:provider_consensus_momentum,Bull -> RawProviderConsensusRiskOn -> CrossVenueMomentum -> ProviderRawDailyConsensusV1:provider_consensus_momentum,board-b-provider-raw-daily-consensus/v1,1d_hold_5,long_research_only_until_branch_rc_spa_passes,suppress_if_bull_raw_provider_branch_rc_spa_fails,long,1,6146.25,6248.75,0.016676835468781848,0.001,0.015676835468781847,2025,source_panel_daily_asof,yf_es_f,equity_index,2,1.1600708906876467
board-b-provider-raw-daily-consensus/v1,20260511T212329+0800-codex-board-b-provider-raw-daily-consensus-v1,ProviderRawDailyConsensusV1,provider_consensus_momentum,ES/USD,1d,ProviderRawDailyConsensusV1:provider_consensus_momentum:ES/USD:1d:yf_es_f:627,2025-07-02T04:00:00+00:00,2025-07-09T04:00:00+00:00,2025-07-02,^IXIC,Bull,0.9797225384,0.833,16.639999389648438,component_pass_from_205047_not_rescored_here,RawProviderConsensusRiskOn,CrossVenueMomentum,provider_raw_daily_consensus,ProviderRawDailyConsensusV1:provider_consensus_momentum,Bull -> RawProviderConsensusRiskOn -> CrossVenueMomentum -> ProviderRawDailyConsensusV1:provider_consensus_momentum,board-b-provider-raw-daily-consensus/v1,1d_hold_5,long_research_only_until_branch_rc_spa_passes,suppress_if_bull_raw_provider_branch_rc_spa_fails,long,1,6275.0,6307.25,0.005139442231075764,0.001,0.004139442231075764,2025,source_panel_daily_asof,yf_es_f,equity_index,2,1.1597127479275153
board-b-provider-raw-daily-consensus/v1,20260511T212329+0800-codex-board-b-provider-raw-daily-consensus-v1,ProviderRawDailyConsensusV1,provider_consensus_momentum,ES/USD,1d,ProviderRawDailyConsensusV1:provider_consensus_momentum:ES/USD:1d:yf_es_f:633,2025-07-10T04:00:00+00:00,2025-07-17T04:00:00+00:00,2025-07-10,^IXIC,Bull,0.9797225384,0.8,15.779999732971191,component_pass_from_205047_not_rescored_here,RawProviderConsensusRiskOn,CrossVenueMomentum,provider_raw_daily_consensus,ProviderRawDailyConsensusV1:provider_consensus_momentum,Bull -> RawProviderConsensusRiskOn -> CrossVenueMomentum -> ProviderRawDailyConsensusV1:provider_consensus_momentum,board-b-provider-raw-daily-consensus/v1,1d_hold_5,long_research_only_until_branch_rc_spa_passes,suppress_if_bull_raw_provider_branch_rc_spa_fails,long,1,6324.25,6340.5,0.002569474641261893,0.001,0.001569474641261893,2025,source_panel_daily_asof,yf_es_f,equity_index,2,1.159527453879324
board-b-provider-raw-daily-consensus/v1,20260511T212329+0800-codex-board-b-provider-raw-daily-consensus-v1,ProviderRawDailyConsensusV1,provider_consensus_momentum,ES/USD,1d,ProviderRawDailyConsensusV1:provider_consensus_momentum:ES/USD:1d:yf_es_f:639,2025-07-18T04:00:00+00:00,2025-07-25T04:00:00+00:00,2025-07-18,^IXIC,Bull,0.9797225384,1.0,16.40999984741211,component_pass_from_205047_not_rescored_here,RawProviderConsensusRiskOn,CrossVenueMomentum,provider_raw_daily_consensus,ProviderRawDailyConsensusV1:provider_consensus_momentum,Bull -> RawProviderConsensusRiskOn -> CrossVenueMomentum -> ProviderRawDailyConsensusV1:provider_consensus_momentum,board-b-provider-raw-daily-consensus/v1,1d_hold_5,long_research_only_until_branch_rc_spa_passes,suppress_if_bull_raw_provider_branch_rc_spa_fails,long,1,6334.75,6425.0,0.014246813212833942,0.001,0.013246813212833941,2025,source_panel_daily_asof,yf_es_f,equity_index,2,1.1592609331629757
board-b-provider-raw-daily-consensus/v1,20260511T212329+0800-codex-board-b-provider-raw-daily-consensus-v1,ProviderRawDailyConsensusV1,provider_consensus_momentum,ES/USD,1d,ProviderRawDailyConsensusV1:provider_consensus_momentum:ES/USD:1d:yf_es_f:645,2025-07-28T04:00:00+00:00,2025-08-04T04:00:00+00:00,2025-07-28,^IXIC,Bull,0.9797225384,0.8,15.029999732971191,component_pass_from_205047_not_rescored_here,RawProviderConsensusRiskOn,CrossVenueMomentum,provider_raw_daily_consensus,ProviderRawDailyConsensusV1:provider_consensus_momentum,Bull -> RawProviderConsensusRiskOn -> CrossVenueMomentum -> ProviderRawDailyConsensusV1:provider_consensus_momentum,board-b-provider-raw-daily-consensus/v1,1d_hold_5,long_research_only_until_branch_rc_spa_passes,suppress_if_bull_raw_provider_branch_rc_spa_fails,long,1,6422.75,6356.0,-0.010392744540889787,0.001,-0.011392744540889788,2025,source_panel_daily_asof,yf_es_f,equity_index,2,1.159026949488087
board-b-provider-raw-daily-consensus/v1,20260511T212329+0800-codex-board-b-provider-raw-daily-consensus-v1,ProviderRawDailyConsensusV1,provider_consensus_momentum,ES/USD,1d,ProviderRawDailyConsensusV1:provider_consensus_momentum:ES/USD:1d:yf_es_f:651,2025-08-05T04:00:00+00:00,2025-08-12T04:00:00+00:00,2025-08-05,^IXIC,Bull,0.9797225384,0.6,17.850000381469727,component_pass_from_205047_not_rescored_here,RawProviderConsensusRiskOn,CrossVenueMomentum,provider_raw_daily_consensus,ProviderRawDailyConsensusV1:provider_consensus_momentum,Bull -> RawProviderConsensusRiskOn -> CrossVenueMomentum -> ProviderRawDailyConsensusV1:provider_consensus_momentum,board-b-provider-raw-daily-consensus/v1,1d_hold_5,long_research_only_until_branch_rc_spa_passes,suppress_if_bull_raw_provider_branch_rc_spa_fails,long,1,6325.25,6468.5,0.022647326192640538,0.001,0.021647326192640537,2025,source_panel_daily_asof,yf_es_f,equity_index,2,1.158768271393299
board-b-provider-raw-daily-consensus/v1,20260511T212329+0800-codex-board-b-provider-raw-daily-consensus-v1,ProviderRawDailyConsensusV1,provider_consensus_momentum,ES/USD,1d,ProviderRawDailyConsensusV1:provider_consensus_momentum:ES/USD:1d:yf_es_f:657,2025-08-13T04:00:00+00:00,2025-08-20T04:00:00+00:00,2025-08-13,^IXIC,Bull,0.9797225384,0.6,14.489999771118164,component_pass_from_205047_not_rescored_here,RawProviderConsensusRiskOn,CrossVenueMomentum,provider_raw_daily_consensus,ProviderRawDailyConsensusV1:provider_consensus_momentum,Bull -> RawProviderConsensusRiskOn -> CrossVenueMomentum -> ProviderRawDailyConsensusV1:provider_consensus_momentum,board-b-provider-raw-daily-consensus/v1,1d_hold_5,long_research_only_until_branch_rc_spa_passes,suppress_if_bull_raw_provider_branch_rc_spa_fails,long,1,6488.75,6413.25,-0.011635523020612548,0.001,-0.012635523020612549,2025,source_panel_daily_asof,yf_es_f,equity_index,2,1.1585201987937581
board-b-provider-raw-daily-consensus/v1,20260511T212329+0800-codex-board-b-provider-raw-daily-consensus-v1,ProviderRawDailyConsensusV1,provider_consensus_momentum,ES/USD,1d,ProviderRawDailyConsensusV1:provider_consensus_momentum:ES/USD:1d:yf_es_f:664,2025-08-22T04:00:00+00:00,2025-08-29T04:00:00+00:00,2025-08-22,^IXIC,Bull,0.9797225384,0.6,14.220000267028809,component_pass_from_205047_not_rescored_here,RawProviderConsensusRiskOn,CrossVenueMomentum,provider_raw_daily_consensus,ProviderRawDailyConsensusV1:provider_consensus_momentum,Bull -> RawProviderConsensusRiskOn -> CrossVenueMomentum -> ProviderRawDailyConsensusV1:provider_consensus_momentum,board-b-provider-raw-daily-consensus/v1,1d_hold_5,long_research_only_until_branch_rc_spa_passes,suppress_if_bull_raw_provider_branch_rc_spa_fails,long,1,6483.25,6472.75,-0.0016195580920063124,0.001,-0.0026195580920063124,2025,source_panel_daily_asof,yf_es_f,equity_index,2,1.1581713460503416
board-b-provider-raw-daily-consensus/v1,20260511T212329+0800-codex-board-b-provider-raw-daily-consensus-v1,ProviderRawDailyConsensusV1,provider_consensus_momentum,ES/USD,1d,ProviderRawDailyConsensusV1:provider_consensus_momentum:ES/USD:1d:yf_es_f:670,2025-09-02T04:00:00+00:00,2025-09-09T04:00:00+00:00,2025-09-02,^IXIC,Bull,0.9797225384,0.6,17.170000076293945,component_pass_from_205047_not_rescored_here,RawProviderConsensusRiskOn,CrossVenueMomentum,provider_raw_daily_consensus,ProviderRawDailyConsensusV1:provider_consensus_momentum,Bull -> RawProviderConsensusRiskOn -> CrossVenueMomentum -> ProviderRawDailyConsensusV1:provider_consensus_momentum,board-b-provider-raw-daily-consensus/v1,1d_hold_5,long_research_only_until_branch_rc_spa_passes,suppress_if_bull_raw_provider_branch_rc_spa_fails,long,1,6425.5,6521.75,0.014979379036650808,0.001,0.013979379036650807,2025,source_panel_daily_asof,yf_es_f,equity_index,2,1.1579135291993432
board-b-provider-raw-daily-consensus/v1,20260511T212329+0800-codex-board-b-provider-raw-daily-consensus-v1,ProviderRawDailyConsensusV1,provider_consensus_momentum,ES/USD,1d,ProviderRawDailyConsensusV1:provider_consensus_momentum:ES/USD:1d:yf_es_f:676,2025-09-10T04:00:00+00:00,2025-09-17T04:00:00+00:00,2025-09-10,^IXIC,Bull,0.9797225384,0.6,15.350000381469728,component_pass_from_205047_not_rescored_here,RawProviderConsensusRiskOn,CrossVenueMomentum,provider_raw_daily_consensus,ProviderRawDailyConsensusV1:provider_consensus_momentum,Bull -> RawProviderConsensusRiskOn -> CrossVenueMomentum -> ProviderRawDailyConsensusV1:provider_consensus_momentum,board-b-provider-raw-daily-consensus/v1,1d_hold_5,long_research_only_until_branch_rc_spa_passes,suppress_if_bull_raw_provider_branch_rc_spa_fails,long,1,6539.75,6601.25,0.009404029206009357,0.001,0.008404029206009356,2025,source_panel_daily_asof,yf_es_f,equity_index,2,1.1577148455361255
board-b-provider-raw-daily-consensus/v1,20260511T212329+0800-codex-board-b-provider-raw-daily-consensus-v1,ProviderRawDailyConsensusV1,provider_consensus_momentum,ES/USD,1d,ProviderRawDailyConsensusV1:provider_consensus_momentum:ES/USD:1d:yf_es_f:682,2025-09-18T04:00:00+00:00,2025-09-25T04:00:00+00:00,2025-09-18,^IXIC,Bull,0.9797225384,1.0,15.699999809265137,component_pass_from_205047_not_rescored_here,RawProviderConsensusRiskOn,CrossVenueMomentum,provider_raw_daily_consensus,ProviderRawDailyConsensusV1:provider_consensus_momentum,Bull -> RawProviderConsensusRiskOn -> CrossVenueMomentum -> ProviderRawDailyConsensusV1:provider_consensus_momentum,board-b-provider-raw-daily-consensus/v1,1d_hold_5,long_research_only_until_branch_rc_spa_passes,suppress_if_bull_raw_provider_branch_rc_spa_fails,long,1,6635.0,6659.75,0.003730218538055663,0.001,0.002730218538055663,2025,source_panel_daily_asof,yf_es_f,equity_index,2,1.1575207526405373
board-b-provider-raw-daily-consensus/v1,20260511T212329+0800-codex-board-b-provider-raw-daily-consensus-v1,ProviderRawDailyConsensusV1,provider_consensus_momentum,ES/USD,1d,ProviderRawDailyConsensusV1:provider_consensus_momentum:ES/USD:1d:yf_es_f:688,2025-09-26T04:00:00+00:00,2025-10-03T04:00:00+00:00,2025-09-26,^IXIC,Bull,0.9797225384,0.8,15.289999961853027,component_pass_from_205047_not_rescored_here,RawProviderConsensusRiskOn,CrossVenueMomentum,provider_raw_daily_consensus,ProviderRawDailyConsensusV1:provider_consensus_momentum,Bull -> RawProviderConsensusRiskOn -> CrossVenueMomentum -> ProviderRawDailyConsensusV1:provider_consensus_momentum,board-b-provider-raw-daily-consensus/v1,1d_hold_5,long_research_only_until_branch_rc_spa_passes,suppress_if_bull_raw_provider_branch_rc_spa_fails,long,1,6696.5,6764.0,0.010079892481146935,0.001,0.009079892481146934,2025,source_panel_daily_asof,yf_es_f,equity_index,2,1.159819942830549
board-b-provider-raw-daily-consensus/v1,20260511T212329+0800-codex-board-b-provider-raw-daily-consensus-v1,ProviderRawDailyConsensusV1,provider_consensus_momentum,ES/USD,1d,ProviderRawDailyConsensusV1:provider_consensus_momentum:ES/USD:1d:yf_es_f:694,2025-10-06T04:00:00+00:00,2025-10-13T04:00:00+00:00,2025-10-06,^IXIC,Bull,0.9797225384,0.833,16.3700008392334,component_pass_from_205047_not_rescored_here,RawProviderConsensusRiskOn,CrossVenueMomentum,provider_raw_daily_consensus,ProviderRawDailyConsensusV1:provider_consensus_momentum,Bull -> RawProviderConsensusRiskOn -> CrossVenueMomentum -> ProviderRawDailyConsensusV1:provider_consensus_momentum,board-b-provider-raw-daily-consensus/v1,1d_hold_5,long_research_only_until_branch_rc_spa_passes,suppress_if_bull_raw_provider_branch_rc_spa_fails,long,1,6788.75,6694.75,-0.0138464371202357,0.001,-0.0148464371202357,2025,source_panel_daily_asof,yf_es_f,equity_index,2,1.1595877931677725
board-b-provider-raw-daily-consensus/v1,20260511T212329+0800-codex-board-b-provider-raw-daily-consensus-v1,ProviderRawDailyConsensusV1,provider_consensus_momentum,ES/USD,1d,ProviderRawDailyConsensusV1:provider_consensus_momentum:ES/USD:1d:yf_es_f:700,2025-10-14T04:00:00+00:00,2025-10-21T04:00:00+00:00,2025-10-14,^IXIC,Bull,0.9797225384,0.6,20.809999465942383,component_pass_from_205047_not_rescored_here,RawProviderConsensusRiskOn,CrossVenueMomentum,provider_raw_daily_consensus,ProviderRawDailyConsensusV1:provider_consensus_momentum,Bull -> RawProviderConsensusRiskOn -> CrossVenueMomentum -> ProviderRawDailyConsensusV1:provider_consensus_momentum,board-b-provider-raw-daily-consensus/v1,1d_hold_5,long_research_only_until_branch_rc_spa_passes,suppress_if_bull_raw_provider_branch_rc_spa_fails,long,1,6686.5,6773.25,0.01297390263964715,0.001,0.01197390263964715,2025,source_panel_daily_asof,yf_es_f,equity_index,2,1.1593301682960038
board-b-provider-raw-daily-consensus/v1,20260511T212329+0800-codex-board-b-provider-raw-daily-consensus-v1,ProviderRawDailyConsensusV1,provider_consensus_momentum,ES/USD,1d,ProviderRawDailyConsensusV1:provider_consensus_momentum:ES/USD:1d:yf_es_f:706,2025-10-22T04:00:00+00:00,2025-10-29T04:00:00+00:00,2025-10-22,^IXIC,Bull,0.9797225384,0.6,18.600000381469727,component_pass_from_205047_not_rescored_here,RawProviderConsensusRiskOn,CrossVenueMomentum,provider_raw_daily_consensus,ProviderRawDailyConsensusV1:provider_consensus_momentum,Bull -> RawProviderConsensusRiskOn -> CrossVenueMomentum -> ProviderRawDailyConsensusV1:provider_consensus_momentum,board-b-provider-raw-daily-consensus/v1,1d_hold_5,long_research_only_until_branch_rc_spa_passes,suppress_if_bull_raw_provider_branch_rc_spa_fails,long,1,6737.0,6922.75,0.027571619415170057,0.001,0.026571619415170056,2025,source_panel_daily_asof,yf_es_f,equity_index,2,1.159132587533452
board-b-provider-raw-daily-consensus/v1,20260511T212329+0800-codex-board-b-provider-raw-daily-consensus-v1,ProviderRawDailyConsensusV1,provider_consensus_momentum,ES/USD,1d,ProviderRawDailyConsensusV1:provider_consensus_momentum:ES/USD:1d:yf_es_f:712,2025-10-30T04:00:00+00:00,2025-11-06T05:00:00+00:00,2025-10-30,^IXIC,Bull,0.9797225384,0.8,16.90999984741211,component_pass_from_205047_not_rescored_here,RawProviderConsensusRiskOn,CrossVenueMomentum,provider_raw_daily_consensus,ProviderRawDailyConsensusV1:provider_consensus_momentum,Bull -> RawProviderConsensusRiskOn -> CrossVenueMomentum -> ProviderRawDailyConsensusV1:provider_consensus_momentum,board-b-provider-raw-daily-consensus/v1,1d_hold_5,long_research_only_until_branch_rc_spa_passes,suppress_if_bull_raw_provider_branch_rc_spa_fails,long,1,6855.5,6747.5,-0.01575377434176939,0.001,-0.01675377434176939,2025,source_panel_daily_asof,yf_es_f,equity_index,2,1.1590356662235397
board-b-provider-raw-daily-consensus/v1,20260511T212329+0800-codex-board-b-provider-raw-daily-consensus-v1,ProviderRawDailyConsensusV1,provider_consensus_momentum,ES/USD,1d,ProviderRawDailyConsensusV1:provider_consensus_momentum:ES/USD:1d:yf_es_f:718,2025-11-07T05:00:00+00:00,2025-11-14T05:00:00+00:00,2025-11-07,^IXIC,Bull,0.9797225384,0.6,19.079999923706055,component_pass_from_205047_not_rescored_here,RawProviderConsensusRiskOn,CrossVenueMomentum,provider_raw_daily_consensus,ProviderRawDailyConsensusV1:provider_consensus_momentum,Bull -> RawProviderConsensusRiskOn -> CrossVenueMomentum -> ProviderRawDailyConsensusV1:provider_consensus_momentum,board-b-provider-raw-daily-consensus/v1,1d_hold_5,long_research_only_until_branch_rc_spa_passes,suppress_if_bull_raw_provider_branch_rc_spa_fails,long,1,6753.75,6755.25,0.0002220988339811658,0.001,-0.0007779011660188342,2025,source_panel_daily_asof,yf_es_f,equity_index,2,1.158609354737618
board-b-provider-raw-daily-consensus/v1,20260511T212329+0800-codex-board-b-provider-raw-daily-consensus-v1,ProviderRawDailyConsensusV1,provider_consensus_momentum,ES/USD,1d,ProviderRawDailyConsensusV1:provider_consensus_momentum:ES/USD:1d:yf_es_f:735,2025-12-03T05:00:00+00:00,2025-12-10T05:00:00+00:00,2025-12-03,^IXIC,Bull,0.9797225384,0.6,16.079999923706055,component_pass_from_205047_not_rescored_here,RawProviderConsensusRiskOn,CrossVenueMomentum,provider_raw_daily_consensus,ProviderRawDailyConsensusV1:provider_consensus_momentum,Bull -> RawProviderConsensusRiskOn -> CrossVenueMomentum -> ProviderRawDailyConsensusV1:provider_consensus_momentum,board-b-provider-raw-daily-consensus/v1,1d_hold_5,long_research_only_until_branch_rc_spa_passes,suppress_if_bull_raw_provider_branch_rc_spa_fails,long,1,6862.0,6891.75,0.004335470708248357,0.001,0.0033354707082483568,2025,source_panel_daily_asof,yf_es_f,equity_index,2,1.1578709620940437
board-b-provider-raw-daily-consensus/v1,20260511T212329+0800-codex-board-b-provider-raw-daily-consensus-v1,ProviderRawDailyConsensusV1,provider_consensus_momentum,ES/USD,1d,ProviderRawDailyConsensusV1:provider_consensus_momentum:ES/USD:1d:yf_es_f:741,2025-12-11T05:00:00+00:00,2025-12-18T05:00:00+00:00,2025-12-11,^IXIC,Bull,0.9797225384,0.8,14.850000381469728,component_pass_from_205047_not_rescored_here,RawProviderConsensusRiskOn,CrossVenueMomentum,provider_raw_daily_consensus,ProviderRawDailyConsensusV1:provider_consensus_momentum,Bull -> RawProviderConsensusRiskOn -> CrossVenueMomentum -> ProviderRawDailyConsensusV1:provider_consensus_momentum,board-b-provider-raw-daily-consensus/v1,1d_hold_5,long_research_only_until_branch_rc_spa_passes,suppress_if_bull_raw_provider_branch_rc_spa_fails,long,1,6907.25,6778.25,-0.018676028810308054,0.001,-0.019676028810308055,2025,source_panel_daily_asof,yf_es_f,equity_index,2,1.1576101784620862
board-b-provider-raw-daily-consensus/v1,20260511T212329+0800-codex-board-b-provider-raw-daily-consensus-v1,ProviderRawDailyConsensusV1,provider_consensus_momentum,ES/USD,1d,ProviderRawDailyConsensusV1:provider_consensus_momentum:ES/USD:1d:yf_es_f:747,2025-12-19T05:00:00+00:00,2025-12-29T05:00:00+00:00,2025-12-19,^IXIC,Bull,0.9797225384,0.833,14.90999984741211,component_pass_from_205047_not_rescored_here,RawProviderConsensusRiskOn,CrossVenueMomentum,provider_raw_daily_consensus,ProviderRawDailyConsensusV1:provider_consensus_momentum,Bull -> RawProviderConsensusRiskOn -> CrossVenueMomentum -> ProviderRawDailyConsensusV1:provider_consensus_momentum,board-b-provider-raw-daily-consensus/v1,1d_hold_5,long_research_only_until_branch_rc_spa_passes,suppress_if_bull_raw_provider_branch_rc_spa_fails,long,1,6796.5400390625,6955.0,0.023314798416071314,0.001,0.022314798416071313,2025,source_panel_daily_asof,yf_es_f,equity_index,2,1.156761936439206
board-b-provider-raw-daily-consensus/v1,20260511T212329+0800-codex-board-b-provider-raw-daily-consensus-v1,ProviderRawDailyConsensusV1,provider_pullback_reclaim,ES/USD,1d,ProviderRawDailyConsensusV1:provider_pullback_reclaim:ES/USD:1d:yf_es_f:462,2024-11-01T04:00:00+00:00,2024-11-07T05:00:00+00:00,2024-11-01,^IXIC,Bull,0.9797225384,0.6,21.8799991607666,component_pass_from_205047_not_rescored_here,RawProviderConsensusRiskOn,CrossVenueMomentum,provider_raw_daily_consensus,ProviderRawDailyConsensusV1:provider_pullback_reclaim,Bull -> RawProviderConsensusRiskOn -> CrossVenueMomentum -> ProviderRawDailyConsensusV1:provider_pullback_reclaim,board-b-provider-raw-daily-consensus/v1,1d_hold_4,long_research_only_until_branch_rc_spa_passes,suppress_if_bull_raw_provider_branch_rc_spa_fails,long,1,5758.25,6003.75,0.042634480962097765,0.001,0.041634480962097764,2024,source_panel_daily_asof,yf_es_f,equity_index,2,1.1590277565759017
board-b-provider-raw-daily-consensus/v1,20260511T212329+0800-codex-board-b-provider-raw-daily-consensus-v1,ProviderRawDailyConsensusV1,provider_breakdown_short,ES/USD,1d,ProviderRawDailyConsensusV1:provider_breakdown_short:ES/USD:1d:yf_es_f:46,2023-03-10T05:00:00+00:00,2023-03-17T04:00:00+00:00,2023-03-10,^IXIC,Bear,0.963920242,0.5,24.799999237060547,component_pass_from_205047_not_rescored_here,RawProviderRiskOff,DefensiveOrBreakdown,provider_raw_daily_consensus,ProviderRawDailyConsensusV1:provider_breakdown_short,Bear -> RawProviderRiskOff -> DefensiveOrBreakdown -> ProviderRawDailyConsensusV1:provider_breakdown_short,board-b-provider-raw-daily-consensus/v1,1d_hold_5,short_or_defensive_research_only_until_branch_rc_spa_passes,suppress_if_bear_raw_provider_branch_rc_spa_fails,short,-1,3862.75,3957.050048828125,-0.024412672015565295,0.001,-0.025412672015565296,2023,source_panel_daily_asof,yf_es_f,equity_index,2,1.1573047202609976
board-b-provider-raw-daily-consensus/v1,20260511T212329+0800-codex-board-b-provider-raw-daily-consensus-v1,ProviderRawDailyConsensusV1,provider_breakdown_short,ES/USD,1d,ProviderRawDailyConsensusV1:provider_breakdown_short:ES/USD:1d:yf_es_f:154,2023-08-15T04:00:00+00:00,2023-08-22T04:00:00+00:00,2023-08-15,^IXIC,Bear,0.963920242,0.5,16.459999084472656,component_pass_from_205047_not_rescored_here,RawProviderRiskOff,DefensiveOrBreakdown,provider_raw_daily_consensus,ProviderRawDailyConsensusV1:provider_breakdown_short,Bear -> RawProviderRiskOff -> DefensiveOrBreakdown -> ProviderRawDailyConsensusV1:provider_breakdown_short,board-b-provider-raw-daily-consensus/v1,1d_hold_5,short_or_defensive_research_only_until_branch_rc_spa_passes,suppress_if_bear_raw_provider_branch_rc_spa_fails,short,-1,4454.0,4399.25,0.012292321508756143,0.001,0.011292321508756142,2023,source_panel_daily_asof,yf_es_f,equity_index,2,1.1584017865391198
board-b-provider-raw-daily-consensus/v1,20260511T212329+0800-codex-board-b-provider-raw-daily-consensus-v1,ProviderRawDailyConsensusV1,provider_breakdown_short,ES/USD,1d,ProviderRawDailyConsensusV1:provider_breakdown_short:ES/USD:1d:yf_es_f:162,2023-08-25T04:00:00+00:00,2023-09-01T04:00:00+00:00,2023-08-25,^IXIC,Bear,0.963920242,0.5,15.68000030517578,component_pass_from_205047_not_rescored_here,RawProviderRiskOff,DefensiveOrBreakdown,provider_raw_daily_consensus,ProviderRawDailyConsensusV1:provider_breakdown_short,Bear -> RawProviderRiskOff -> DefensiveOrBreakdown -> ProviderRawDailyConsensusV1:provider_breakdown_short,board-b-provider-raw-daily-consensus/v1,1d_hold_5,short_or_defensive_research_only_until_branch_rc_spa_passes,suppress_if_bear_raw_provider_branch_rc_spa_fails,short,-1,4414.25,4521.5,-0.02429631307696667,0.001,-0.02529631307696667,2023,source_panel_daily_asof,yf_es_f,equity_index,2,1.157854541724193
board-b-provider-raw-daily-consensus/v1,20260511T212329+0800-codex-board-b-provider-raw-daily-consensus-v1,ProviderRawDailyConsensusV1,provider_breakdown_short,ES/USD,1d,ProviderRawDailyConsensusV1:provider_breakdown_short:ES/USD:1d:yf_es_f:184,2023-09-27T04:00:00+00:00,2023-10-04T04:00:00+00:00,2023-09-27,^IXIC,Bear,0.963920242,0.667,18.219999313354492,component_pass_from_205047_not_rescored_here,RawProviderRiskOff,DefensiveOrBreakdown,provider_raw_daily_consensus,ProviderRawDailyConsensusV1:provider_breakdown_short,Bear -> RawProviderRiskOff -> DefensiveOrBreakdown -> ProviderRawDailyConsensusV1:provider_breakdown_short,board-b-provider-raw-daily-consensus/v1,1d_hold_5,short_or_defensive_research_only_until_branch_rc_spa_passes,suppress_if_bear_raw_provider_branch_rc_spa_fails,short,-1,4313.5,4297.75,0.003651327228468726,0.001,0.002651327228468726,2023,source_panel_daily_asof,yf_es_f,equity_index,2,1.1599591827220508
board-b-provider-raw-daily-consensus/v1,20260511T212329+0800-codex-board-b-provider-raw-daily-consensus-v1,ProviderRawDailyConsensusV1,provider_breakdown_short,ES/USD,1d,ProviderRawDailyConsensusV1:provider_breakdown_short:ES/USD:1d:yf_es_f:326,2024-04-19T04:00:00+00:00,2024-04-26T04:00:00+00:00,2024-04-19,^IXIC,Bear,0.963920242,0.6,18.709999084472656,component_pass_from_205047_not_rescored_here,RawProviderRiskOff,DefensiveOrBreakdown,provider_raw_daily_consensus,ProviderRawDailyConsensusV1:provider_breakdown_short,Bear -> RawProviderRiskOff -> DefensiveOrBreakdown -> ProviderRawDailyConsensusV1:provider_breakdown_short,board-b-provider-raw-daily-consensus/v1,1d_hold_5,short_or_defensive_research_only_until_branch_rc_spa_passes,suppress_if_bear_raw_provider_branch_rc_spa_fails,short,-1,5003.75,5131.5,-0.025530851861104153,0.001,-0.026530851861104154,2024,source_panel_daily_asof,yf_es_f,equity_index,2,1.1595223627508744
board-b-provider-raw-daily-consensus/v1,20260511T212329+0800-codex-board-b-provider-raw-daily-consensus-v1,ProviderRawDailyConsensusV1,provider_breakdown_short,ES/USD,1d,ProviderRawDailyConsensusV1:provider_breakdown_short:ES/USD:1d:yf_es_f:398,2024-08-02T04:00:00+00:00,2024-08-09T04:00:00+00:00,2024-08-02,^IXIC,Bear,0.963920242,0.667,23.38999938964844,component_pass_from_205047_not_rescored_here,RawProviderRiskOff,DefensiveOrBreakdown,provider_raw_daily_consensus,ProviderRawDailyConsensusV1:provider_breakdown_short,Bear -> RawProviderRiskOff -> DefensiveOrBreakdown -> ProviderRawDailyConsensusV1:provider_breakdown_short,board-b-provider-raw-daily-consensus/v1,1d_hold_5,short_or_defensive_research_only_until_branch_rc_spa_passes,suppress_if_bear_raw_provider_branch_rc_spa_fails,short,-1,5376.0,5370.25,0.0010695684523809312,0.001,6.956845238093121e-05,2024,source_panel_daily_asof,yf_es_f,equity_index,2,1.159129049586791
board-b-provider-raw-daily-consensus/v1,20260511T212329+0800-codex-board-b-provider-raw-daily-consensus-v1,ProviderRawDailyConsensusV1,provider_breakdown_short,ES/USD,1d,ProviderRawDailyConsensusV1:provider_breakdown_short:ES/USD:1d:yf_es_f:404,2024-08-12T04:00:00+00:00,2024-08-19T04:00:00+00:00,2024-08-12,^IXIC,Bear,0.963920242,0.5,20.709999084472656,component_pass_from_205047_not_rescored_here,RawProviderRiskOff,DefensiveOrBreakdown,provider_raw_daily_consensus,ProviderRawDailyConsensusV1:provider_breakdown_short,Bear -> RawProviderRiskOff -> DefensiveOrBreakdown -> ProviderRawDailyConsensusV1:provider_breakdown_short,board-b-provider-raw-daily-consensus/v1,1d_hold_5,short_or_defensive_research_only_until_branch_rc_spa_passes,suppress_if_bear_raw_provider_branch_rc_spa_fails,short,-1,5369.75,5630.0,-0.04846594347967792,0.001,-0.04946594347967792,2024,source_panel_daily_asof,yf_es_f,equity_index,2,1.158697676764445
board-b-provider-raw-daily-consensus/v1,20260511T212329+0800-codex-board-b-provider-raw-daily-consensus-v1,ProviderRawDailyConsensusV1,provider_breakdown_short,ES/USD,1d,ProviderRawDailyConsensusV1:provider_breakdown_short:ES/USD:1d:yf_es_f:541,2025-02-27T05:00:00+00:00,2025-03-06T05:00:00+00:00,2025-02-27,^IXIC,Bear,0.963920242,0.6,21.1299991607666,component_pass_from_205047_not_rescored_here,RawProviderRiskOff,DefensiveOrBreakdown,provider_raw_daily_consensus,ProviderRawDailyConsensusV1:provider_breakdown_short,Bear -> RawProviderRiskOff -> DefensiveOrBreakdown -> ProviderRawDailyConsensusV1:provider_breakdown_short,board-b-provider-raw-daily-consensus/v1,1d_hold_5,short_or_defensive_research_only_until_branch_rc_spa_passes,suppress_if_bear_raw_provider_branch_rc_spa_fails,short,-1,5876.25,5746.25,0.022122952563284448,0.001,0.021122952563284447,2025,source_panel_daily_asof,yf_es_f,equity_index,2,1.1581085590560625
board-b-provider-raw-daily-consensus/v1,20260511T212329+0800-codex-board-b-provider-raw-daily-consensus-v1,ProviderRawDailyConsensusV1,provider_breakdown_short,ES/USD,1d,ProviderRawDailyConsensusV1:provider_breakdown_short:ES/USD:1d:yf_es_f:547,2025-03-07T05:00:00+00:00,2025-03-14T04:00:00+00:00,2025-03-07,^IXIC,Bear,0.963920242,0.6,23.3700008392334,component_pass_from_205047_not_rescored_here,RawProviderRiskOff,DefensiveOrBreakdown,provider_raw_daily_consensus,ProviderRawDailyConsensusV1:provider_breakdown_short,Bear -> RawProviderRiskOff -> DefensiveOrBreakdown -> ProviderRawDailyConsensusV1:provider_breakdown_short,board-b-provider-raw-daily-consensus/v1,1d_hold_5,short_or_defensive_research_only_until_branch_rc_spa_passes,suppress_if_bear_raw_provider_branch_rc_spa_fails,short,-1,5776.0,5640.0,0.023545706371191133,0.001,0.022545706371191132,2025,source_panel_daily_asof,yf_es_f,equity_index,2,1.157763905304188
board-b-provider-raw-daily-consensus/v1,20260511T212329+0800-codex-board-b-provider-raw-daily-consensus-v1,ProviderRawDailyConsensusV1,provider_breakdown_short,ES/USD,1d,ProviderRawDailyConsensusV1:provider_breakdown_short:ES/USD:1d:yf_es_f:553,2025-03-17T04:00:00+00:00,2025-03-24T04:00:00+00:00,2025-03-17,^IXIC,Bear,0.963920242,0.5,20.510000228881836,component_pass_from_205047_not_rescored_here,RawProviderRiskOff,DefensiveOrBreakdown,provider_raw_daily_consensus,ProviderRawDailyConsensusV1:provider_breakdown_short,Bear -> RawProviderRiskOff -> DefensiveOrBreakdown -> ProviderRawDailyConsensusV1:provider_breakdown_short,board-b-provider-raw-daily-consensus/v1,1d_hold_5,short_or_defensive_research_only_until_branch_rc_spa_passes,suppress_if_bear_raw_provider_branch_rc_spa_fails,short,-1,5680.25,5815.5,-0.023810571717794105,0.001,-0.024810571717794105,2025,source_panel_daily_asof,yf_es_f,equity_index,2,1.1574439451588285
board-b-provider-raw-daily-consensus/v1,20260511T212329+0800-codex-board-b-provider-raw-daily-consensus-v1,ProviderRawDailyConsensusV1,provider_breakdown_short,ES/USD,1d,ProviderRawDailyConsensusV1:provider_breakdown_short:ES/USD:1d:yf_es_f:563,2025-03-31T04:00:00+00:00,2025-04-07T04:00:00+00:00,2025-03-31,^IXIC,Bear,0.963920242,0.5,22.280000686645508,component_pass_from_205047_not_rescored_here,RawProviderRiskOff,DefensiveOrBreakdown,provider_raw_daily_consensus,ProviderRawDailyConsensusV1:provider_breakdown_short,Bear -> RawProviderRiskOff -> DefensiveOrBreakdown -> ProviderRawDailyConsensusV1:provider_breakdown_short,board-b-provider-raw-daily-consensus/v1,1d_hold_5,short_or_defensive_research_only_until_branch_rc_spa_passes,suppress_if_bear_raw_provider_branch_rc_spa_fails,short,-1,5653.25,5097.25,0.09835050634590725,0.001,0.09735050634590725,2025,source_panel_daily_asof,yf_es_f,equity_index,2,1.1595402049898824
board-b-provider-raw-daily-consensus/v1,20260511T212329+0800-codex-board-b-provider-raw-daily-consensus-v1,ProviderRawDailyConsensusV1,provider_breakdown_short,ES/USD,1d,ProviderRawDailyConsensusV1:provider_breakdown_short:ES/USD:1d:yf_es_f:569,2025-04-08T04:00:00+00:00,2025-04-15T04:00:00+00:00,2025-04-08,^IXIC,Bear,0.963920242,0.444,52.33000183105469,component_pass_from_205047_not_rescored_here,RawProviderRiskOff,DefensiveOrBreakdown,provider_raw_daily_consensus,ProviderRawDailyConsensusV1:provider_breakdown_short,Bear -> RawProviderRiskOff -> DefensiveOrBreakdown -> ProviderRawDailyConsensusV1:provider_breakdown_short,board-b-provider-raw-daily-consensus/v1,1d_hold_5,short_or_defensive_research_only_until_branch_rc_spa_passes,suppress_if_bear_raw_provider_branch_rc_spa_fails,short,-1,5020.25,5428.25,-0.08127085304516712,0.001,-0.08227085304516712,2025,source_panel_daily_asof,yf_es_f,equity_index,2,1.1596682924085508
board-b-provider-raw-daily-consensus/v1,20260511T212329+0800-codex-board-b-provider-raw-daily-consensus-v1,ProviderRawDailyConsensusV1,provider_breakdown_short,ES/USD,1d,ProviderRawDailyConsensusV1:provider_breakdown_short:ES/USD:1d:yf_es_f:575,2025-04-16T04:00:00+00:00,2025-04-24T04:00:00+00:00,2025-04-16,^IXIC,Bear,0.963920242,0.5,32.63999938964844,component_pass_from_205047_not_rescored_here,RawProviderRiskOff,DefensiveOrBreakdown,provider_raw_daily_consensus,ProviderRawDailyConsensusV1:provider_breakdown_short,Bear -> RawProviderRiskOff -> DefensiveOrBreakdown -> ProviderRawDailyConsensusV1:provider_breakdown_short,board-b-provider-raw-daily-consensus/v1,1d_hold_5,short_or_defensive_research_only_until_branch_rc_spa_passes,suppress_if_bear_raw_provider_branch_rc_spa_fails,short,-1,5305.75,5511.25,-0.038731564811760766,0.001,-0.03973156481176077,2025,source_panel_daily_asof,yf_es_f,equity_index,2,1.159251051885497
board-b-provider-raw-daily-consensus/v1,20260511T212329+0800-codex-board-b-provider-raw-daily-consensus-v1,ProviderRawDailyConsensusV1,dispersion_reversion,ES/USD,1d,ProviderRawDailyConsensusV1:dispersion_reversion:ES/USD:1d:yf_es_f:33,2023-02-21T05:00:00+00:00,2023-02-24T05:00:00+00:00,2023-02-21,^IXIC,Sideways,0.9529358324,0.375,22.8700008392334,component_pass_from_205047_not_rescored_here,RawProviderRange,DispersionReversion,provider_raw_daily_consensus,ProviderRawDailyConsensusV1:dispersion_reversion,Sideways -> RawProviderRange -> DispersionReversion -> ProviderRawDailyConsensusV1:dispersion_reversion,board-b-provider-raw-daily-consensus/v1,1d_hold_3,long_short_research_only_until_branch_rc_spa_passes,suppress_if_sideways_raw_provider_branch_rc_spa_fails,long,1,4005.75,3975.75,-0.00748923422580039,0.001,-0.00848923422580039,2023,source_panel_daily_asof,yf_es_f,equity_index,2,1.157950685220824
board-b-provider-raw-daily-consensus/v1,20260511T212329+0800-codex-board-b-provider-raw-daily-consensus-v1,ProviderRawDailyConsensusV1,dispersion_reversion,ES/USD,1d,ProviderRawDailyConsensusV1:dispersion_reversion:ES/USD:1d:yf_es_f:43,2023-03-07T05:00:00+00:00,2023-03-10T05:00:00+00:00,2023-03-07,^IXIC,Sideways,0.9529358324,0.5,19.59000015258789,component_pass_from_205047_not_rescored_here,RawProviderRange,DispersionReversion,provider_raw_daily_consensus,ProviderRawDailyConsensusV1:dispersion_reversion,Sideways -> RawProviderRange -> DispersionReversion -> ProviderRawDailyConsensusV1:dispersion_reversion,board-b-provider-raw-daily-consensus/v1,1d_hold_3,long_short_research_only_until_branch_rc_spa_passes,suppress_if_sideways_raw_provider_branch_rc_spa_fails,long,1,3989.75,3862.75,-0.03183156839400969,0.001,-0.03283156839400969,2023,source_panel_daily_asof,yf_es_f,equity_index,2,1.157496946970474
board-b-provider-raw-daily-consensus/v1,20260511T212329+0800-codex-board-b-provider-raw-daily-consensus-v1,ProviderRawDailyConsensusV1,dispersion_reversion,ES/USD,1d,ProviderRawDailyConsensusV1:dispersion_reversion:ES/USD:1d:yf_es_f:81,2023-05-01T04:00:00+00:00,2023-05-04T04:00:00+00:00,2023-05-01,^IXIC,Sideways,0.9529358324,0.333,16.079999923706055,component_pass_from_205047_not_rescored_here,RawProviderRange,DispersionReversion,provider_raw_daily_consensus,ProviderRawDailyConsensusV1:dispersion_reversion,Sideways -> RawProviderRange -> DispersionReversion -> ProviderRawDailyConsensusV1:dispersion_reversion,board-b-provider-raw-daily-consensus/v1,1d_hold_3,long_short_research_only_until_branch_rc_spa_passes,suppress_if_sideways_raw_provider_branch_rc_spa_fails,short,-1,4185.75,4075.75,0.026279639252224762,0.001,0.02527963925222476,2023,source_panel_daily_asof,yf_es_f,equity_index,2,1.1587966157692644
board-b-provider-raw-daily-consensus/v1,20260511T212329+0800-codex-board-b-provider-raw-daily-consensus-v1,ProviderRawDailyConsensusV1,dispersion_reversion,ES/USD,1d,ProviderRawDailyConsensusV1:dispersion_reversion:ES/USD:1d:yf_es_f:150,2023-08-09T04:00:00+00:00,2023-08-14T04:00:00+00:00,2023-08-09,^IXIC,Sideways,0.9529358324,0.8,15.960000038146973,component_pass_from_205047_not_rescored_here,RawProviderRange,DispersionReversion,provider_raw_daily_consensus,ProviderRawDailyConsensusV1:dispersion_reversion,Sideways -> RawProviderRange -> DispersionReversion -> ProviderRawDailyConsensusV1:dispersion_reversion,board-b-provider-raw-daily-consensus/v1,1d_hold_3,long_short_research_only_until_branch_rc_spa_passes,suppress_if_sideways_raw_provider_branch_rc_spa_fails,long,1,4485.75,4506.0,0.004514295268349677,0.001,0.0035142952683496773,2023,source_panel_daily_asof,yf_es_f,equity_index,2,1.15855678637074
board-b-provider-raw-daily-consensus/v1,20260511T212329+0800-codex-board-b-provider-raw-daily-consensus-v1,ProviderRawDailyConsensusV1,dispersion_reversion,ES/USD,1d,ProviderRawDailyConsensusV1:dispersion_reversion:ES/USD:1d:yf_es_f:180,2023-09-21T04:00:00+00:00,2023-09-26T04:00:00+00:00,2023-09-21,^IXIC,Sideways,0.9529358324,0.6,17.540000915527344,component_pass_from_205047_not_rescored_here,RawProviderRange,DispersionReversion,provider_raw_daily_consensus,ProviderRawDailyConsensusV1:dispersion_reversion,Sideways -> RawProviderRange -> DispersionReversion -> ProviderRawDailyConsensusV1:dispersion_reversion,board-b-provider-raw-daily-consensus/v1,1d_hold_3,long_short_research_only_until_branch_rc_spa_passes,suppress_if_sideways_raw_provider_branch_rc_spa_fails,long,1,4372.0,4314.75,-0.013094693504117072,0.001,-0.014094693504117073,2023,source_panel_daily_asof,yf_es_f,equity_index,2,1.1601939605803389
board-b-provider-raw-daily-consensus/v1,20260511T212329+0800-codex-board-b-provider-raw-daily-consensus-v1,ProviderRawDailyConsensusV1,dispersion_reversion,ES/USD,1d,ProviderRawDailyConsensusV1:dispersion_reversion:ES/USD:1d:yf_es_f:198,2023-10-17T04:00:00+00:00,2023-10-20T04:00:00+00:00,2023-10-17,^IXIC,Sideways,0.9529358324,0.8,17.8799991607666,component_pass_from_205047_not_rescored_here,RawProviderRange,DispersionReversion,provider_raw_daily_consensus,ProviderRawDailyConsensusV1:dispersion_reversion,Sideways -> RawProviderRange -> DispersionReversion -> ProviderRawDailyConsensusV1:dispersion_reversion,board-b-provider-raw-daily-consensus/v1,1d_hold_3,long_short_research_only_until_branch_rc_spa_passes,suppress_if_sideways_raw_provider_branch_rc_spa_fails,short,-1,4401.75,4248.5,0.03481569830181175,0.001,0.03381569830181175,2023,source_panel_daily_asof,yf_es_f,equity_index,2,1.1592922315412335
board-b-provider-raw-daily-consensus/v1,20260511T212329+0800-codex-board-b-provider-raw-daily-consensus-v1,ProviderRawDailyConsensusV1,dispersion_reversion,ES/USD,1d,ProviderRawDailyConsensusV1:dispersion_reversion:ES/USD:1d:yf_es_f:322,2024-04-15T04:00:00+00:00,2024-04-18T04:00:00+00:00,2024-04-15,^IXIC,Sideways,0.9529358324,1.0,19.229999542236328,component_pass_from_205047_not_rescored_here,RawProviderRange,DispersionReversion,provider_raw_daily_consensus,ProviderRawDailyConsensusV1:dispersion_reversion,Sideways -> RawProviderRange -> DispersionReversion -> ProviderRawDailyConsensusV1:dispersion_reversion,board-b-provider-raw-daily-consensus/v1,1d_hold_3,long_short_research_only_until_branch_rc_spa_passes,suppress_if_sideways_raw_provider_branch_rc_spa_fails,long,1,5104.0,5049.0,-0.010775862068965525,0.001,-0.011775862068965526,2024,source_panel_daily_asof,yf_es_f,equity_index,2,1.1598117054430301
board-b-provider-raw-daily-consensus/v1,20260511T212329+0800-codex-board-b-provider-raw-daily-consensus-v1,ProviderRawDailyConsensusV1,dispersion_reversion,ES/USD,1d,ProviderRawDailyConsensusV1:dispersion_reversion:ES/USD:1d:yf_es_f:333,2024-04-30T04:00:00+00:00,2024-05-03T04:00:00+00:00,2024-04-30,^IXIC,Sideways,0.9529358324,1.0,15.649999618530272,component_pass_from_205047_not_rescored_here,RawProviderRange,DispersionReversion,provider_raw_daily_consensus,ProviderRawDailyConsensusV1:dispersion_reversion,Sideways -> RawProviderRange -> DispersionReversion -> ProviderRawDailyConsensusV1:dispersion_reversion,board-b-provider-raw-daily-consensus/v1,1d_hold_3,long_short_research_only_until_branch_rc_spa_passes,suppress_if_sideways_raw_provider_branch_rc_spa_fails,long,1,5067.0,5154.75,0.01731793960923622,0.001,0.01631793960923622,2024,source_panel_daily_asof,yf_es_f,equity_index,2,1.159263126861897
board-b-provider-raw-daily-consensus/v1,20260511T212329+0800-codex-board-b-provider-raw-daily-consensus-v1,ProviderRawDailyConsensusV1,dispersion_reversion,ES/USD,1d,ProviderRawDailyConsensusV1:dispersion_reversion:ES/USD:1d:yf_es_f:391,2024-07-24T04:00:00+00:00,2024-07-29T04:00:00+00:00,2024-07-24,^IXIC,Sideways,0.9529358324,1.0,18.040000915527344,component_pass_from_205047_not_rescored_here,RawProviderRange,DispersionReversion,provider_raw_daily_consensus,ProviderRawDailyConsensusV1:dispersion_reversion,Sideways -> RawProviderRange -> DispersionReversion -> ProviderRawDailyConsensusV1:dispersion_reversion,board-b-provider-raw-daily-consensus/v1,1d_hold_3,long_short_research_only_until_branch_rc_spa_passes,suppress_if_sideways_raw_provider_branch_rc_spa_fails,long,1,5472.0,5503.0,0.005665204678362512,0.001,0.004665204678362512,2024,source_panel_daily_asof,yf_es_f,equity_index,2,1.1596366440686448
board-b-provider-raw-daily-consensus/v1,20260511T212329+0800-codex-board-b-provider-raw-daily-consensus-v1,ProviderRawDailyConsensusV1,dispersion_reversion,ES/USD,1d,ProviderRawDailyConsensusV1:dispersion_reversion:ES/USD:1d:yf_es_f:397,2024-08-01T04:00:00+00:00,2024-08-06T04:00:00+00:00,2024-08-01,^IXIC,Sideways,0.9529358324,0.6,18.59000015258789,component_pass_from_205047_not_rescored_here,RawProviderRange,DispersionReversion,provider_raw_daily_consensus,ProviderRawDailyConsensusV1:dispersion_reversion,Sideways -> RawProviderRange -> DispersionReversion -> ProviderRawDailyConsensusV1:dispersion_reversion,board-b-provider-raw-daily-consensus/v1,1d_hold_3,long_short_research_only_until_branch_rc_spa_passes,suppress_if_sideways_raw_provider_branch_rc_spa_fails,long,1,5480.25,5266.25,-0.03904931344372975,0.001,-0.04004931344372975,2024,source_panel_daily_asof,yf_es_f,equity_index,2,1.15922469618773
board-b-provider-raw-daily-consensus/v1,20260511T212329+0800-codex-board-b-provider-raw-daily-consensus-v1,ProviderRawDailyConsensusV1,dispersion_reversion,ES/USD,1d,ProviderRawDailyConsensusV1:dispersion_reversion:ES/USD:1d:yf_es_f:422,2024-09-06T04:00:00+00:00,2024-09-11T04:00:00+00:00,2024-09-06,^IXIC,Sideways,0.9529358324,0.6,22.3799991607666,component_pass_from_205047_not_rescored_here,RawProviderRange,DispersionReversion,provider_raw_daily_consensus,ProviderRawDailyConsensusV1:dispersion_reversion,Sideways -> RawProviderRange -> DispersionReversion -> ProviderRawDailyConsensusV1:dispersion_reversion,board-b-provider-raw-daily-consensus/v1,1d_hold_3,long_short_research_only_until_branch_rc_spa_passes,suppress_if_sideways_raw_provider_branch_rc_spa_fails,long,1,5419.5,5561.25,0.026155549404926592,0.001,0.02515554940492659,2024,source_panel_daily_asof,yf_es_f,equity_index,2,1.157769813115174
board-b-provider-raw-daily-consensus/v1,20260511T212329+0800-codex-board-b-provider-raw-daily-consensus-v1,ProviderRawDailyConsensusV1,dispersion_reversion,ES/USD,1d,ProviderRawDailyConsensusV1:dispersion_reversion:ES/USD:1d:yf_es_f:502,2024-12-31T05:00:00+00:00,2025-01-06T05:00:00+00:00,2024-12-31,^IXIC,Sideways,0.9529358324,0.6,17.350000381469727,component_pass_from_205047_not_rescored_here,RawProviderRange,DispersionReversion,provider_raw_daily_consensus,ProviderRawDailyConsensusV1:dispersion_reversion,Sideways -> RawProviderRange -> DispersionReversion -> ProviderRawDailyConsensusV1:dispersion_reversion,board-b-provider-raw-daily-consensus/v1,1d_hold_3,long_short_research_only_until_branch_rc_spa_passes,suppress_if_sideways_raw_provider_branch_rc_spa_fails,long,1,5935.75,6020.5,0.014277892431453498,0.001,0.013277892431453497,2024,source_panel_daily_asof,yf_es_f,equity_index,2,1.1600387965075607
board-b-provider-raw-daily-consensus/v1,20260511T212329+0800-codex-board-b-provider-raw-daily-consensus-v1,ProviderRawDailyConsensusV1,dispersion_reversion,ES/USD,1d,ProviderRawDailyConsensusV1:dispersion_reversion:ES/USD:1d:yf_es_f:509,2025-01-10T05:00:00+00:00,2025-01-15T05:00:00+00:00,2025-01-10,^IXIC,Sideways,0.9529358324,1.0,19.540000915527344,component_pass_from_205047_not_rescored_here,RawProviderRange,DispersionReversion,provider_raw_daily_consensus,ProviderRawDailyConsensusV1:dispersion_reversion,Sideways -> RawProviderRange -> DispersionReversion -> ProviderRawDailyConsensusV1:dispersion_reversion,board-b-provider-raw-daily-consensus/v1,1d_hold_3,long_short_research_only_until_branch_rc_spa_passes,suppress_if_sideways_raw_provider_branch_rc_spa_fails,long,1,5866.25,5989.0,0.020924781589601427,0.001,0.019924781589601426,2025,source_panel_daily_asof,yf_es_f,equity_index,2,1.1595307868137124
board-b-provider-raw-daily-consensus/v1,20260511T212329+0800-codex-board-b-provider-raw-daily-consensus-v1,ProviderRawDailyConsensusV1,dispersion_reversion,ES/USD,1d,ProviderRawDailyConsensusV1:dispersion_reversion:ES/USD:1d:yf_es_f:514,2025-01-17T05:00:00+00:00,2025-01-23T05:00:00+00:00,2025-01-17,^IXIC,Sideways,0.9529358324,0.6,15.970000267028809,component_pass_from_205047_not_rescored_here,RawProviderRange,DispersionReversion,provider_raw_daily_consensus,ProviderRawDailyConsensusV1:dispersion_reversion,Sideways -> RawProviderRange -> DispersionReversion -> ProviderRawDailyConsensusV1:dispersion_reversion,board-b-provider-raw-daily-consensus/v1,1d_hold_3,long_short_research_only_until_branch_rc_spa_passes,suppress_if_sideways_raw_provider_branch_rc_spa_fails,short,-1,6033.5,6152.0,-0.019640341427032304,0.001,-0.020640341427032305,2025,source_panel_daily_asof,yf_es_f,equity_index,2,1.1593212182621606
board-b-provider-raw-daily-consensus/v1,20260511T212329+0800-codex-board-b-provider-raw-daily-consensus-v1,ProviderRawDailyConsensusV1,dispersion_reversion,ES/USD,1d,ProviderRawDailyConsensusV1:dispersion_reversion:ES/USD:1d:yf_es_f:537,2025-02-21T05:00:00+00:00,2025-02-26T05:00:00+00:00,2025-02-21,^IXIC,Sideways,0.9529358324,1.0,18.209999084472656,component_pass_from_205047_not_rescored_here,RawProviderRange,DispersionReversion,provider_raw_daily_consensus,ProviderRawDailyConsensusV1:dispersion_reversion,Sideways -> RawProviderRange -> DispersionReversion -> ProviderRawDailyConsensusV1:dispersion_reversion,board-b-provider-raw-daily-consensus/v1,1d_hold_3,long_short_research_only_until_branch_rc_spa_passes,suppress_if_sideways_raw_provider_branch_rc_spa_fails,long,1,6029.0,5970.75,-0.009661635428760973,0.001,-0.010661635428760974,2025,source_panel_daily_asof,yf_es_f,equity_index,2,1.1582319762521445
board-b-provider-raw-daily-consensus/v1,20260511T212329+0800-codex-board-b-provider-raw-daily-consensus-v1,ProviderRawDailyConsensusV1,dispersion_reversion,ES/USD,1d,ProviderRawDailyConsensusV1:dispersion_reversion:ES/USD:1d:yf_es_f:585,2025-05-01T04:00:00+00:00,2025-05-06T04:00:00+00:00,2025-05-01,^IXIC,Sideways,0.9529358324,0.25,24.600000381469727,component_pass_from_205047_not_rescored_here,RawProviderRange,DispersionReversion,provider_raw_daily_consensus,ProviderRawDailyConsensusV1:dispersion_reversion,Sideways -> RawProviderRange -> DispersionReversion -> ProviderRawDailyConsensusV1:dispersion_reversion,board-b-provider-raw-daily-consensus/v1,1d_hold_3,long_short_research_only_until_branch_rc_spa_passes,suppress_if_sideways_raw_provider_branch_rc_spa_fails,short,-1,5623.25,5625.75,-0.00044458275908065836,0.001,-0.0014445827590806584,2025,source_panel_daily_asof,yf_es_f,equity_index,2,1.1586873300333824
board-b-provider-raw-daily-consensus/v1,20260511T212329+0800-codex-board-b-provider-raw-daily-consensus-v1,ProviderRawDailyConsensusV1,dispersion_reversion,ES/USD,1d,ProviderRawDailyConsensusV1:dispersion_reversion:ES/USD:1d:yf_es_f:724,2025-11-17T05:00:00+00:00,2025-11-20T05:00:00+00:00,2025-11-17,^IXIC,Sideways,0.9529358324,1.0,22.3799991607666,component_pass_from_205047_not_rescored_here,RawProviderRange,DispersionReversion,provider_raw_daily_consensus,ProviderRawDailyConsensusV1:dispersion_reversion,Sideways -> RawProviderRange -> DispersionReversion -> ProviderRawDailyConsensusV1:dispersion_reversion,board-b-provider-raw-daily-consensus/v1,1d_hold_3,long_short_research_only_until_branch_rc_spa_passes,suppress_if_sideways_raw_provider_branch_rc_spa_fails,long,1,6692.0,6557.5,-0.020098625224148292,0.001,-0.021098625224148293,2025,source_panel_daily_asof,yf_es_f,equity_index,2,1.1583174648088332
board-b-provider-raw-daily-consensus/v1,20260511T212329+0800-codex-board-b-provider-raw-daily-consensus-v1,ProviderRawDailyConsensusV1,dispersion_reversion,ES/USD,1d,ProviderRawDailyConsensusV1:dispersion_reversion:ES/USD:1d:yf_es_f:732,2025-11-28T14:30:00+00:00,2025-12-03T05:00:00+00:00,2025-11-28,^IXIC,Sideways,0.9529358324,0.6,16.350000381469727,component_pass_from_205047_not_rescored_here,RawProviderRange,DispersionReversion,provider_raw_daily_consensus,ProviderRawDailyConsensusV1:dispersion_reversion,Sideways -> RawProviderRange -> DispersionReversion -> ProviderRawDailyConsensusV1:dispersion_reversion,board-b-provider-raw-daily-consensus/v1,1d_hold_3,long_short_research_only_until_branch_rc_spa_passes,suppress_if_sideways_raw_provider_branch_rc_spa_fails,short,-1,6859.5,6862.0,-0.000364458050878369,0.001,-0.001364458050878369,2025,source_panel_daily_asof,yf_es_f,equity_index,2,1.157956497712392
board-b-provider-raw-daily-consensus/v1,20260511T212329+0800-codex-board-b-provider-raw-daily-consensus-v1,ProviderRawDailyConsensusV1,provider_consensus_momentum,BTC/USD,1d,ProviderRawDailyConsensusV1:provider_consensus_momentum:BTC/USD:1d:yf_btc:500,2024-05-15T00:00:00+00:00,2024-05-20T00:00:00+00:00,2024-05-15,^IXIC,Bull,0.9797225384,1.0,12.449999809265137,component_pass_from_205047_not_rescored_here,RawProviderConsensusRiskOn,CrossVenueMomentum,provider_raw_daily_consensus,ProviderRawDailyConsensusV1:provider_consensus_momentum,Bull -> RawProviderConsensusRiskOn -> CrossVenueMomentum -> ProviderRawDailyConsensusV1:provider_consensus_momentum,board-b-provider-raw-daily-consensus/v1,1d_hold_5,long_research_only_until_branch_rc_spa_passes,suppress_if_bull_raw_provider_branch_rc_spa_fails,long,1,66267.4921875,71448.1953125,0.07817865070767271,0.0018,0.07637865070767272,2024,source_panel_daily_asof,yf_btc,btc_crossvenue,2,0.00036814443896098127
board-b-provider-raw-daily-consensus/v1,20260511T212329+0800-codex-board-b-provider-raw-daily-consensus-v1,ProviderRawDailyConsensusV1,provider_consensus_momentum,BTC/USD,1d,ProviderRawDailyConsensusV1:provider_consensus_momentum:BTC/USD:1d:yf_btc:506,2024-05-21T00:00:00+00:00,2024-05-26T00:00:00+00:00,2024-05-21,^IXIC,Bull,0.9797225384,1.0,11.859999656677246,component_pass_from_205047_not_rescored_here,RawProviderConsensusRiskOn,CrossVenueMomentum,provider_raw_daily_consensus,ProviderRawDailyConsensusV1:provider_consensus_momentum,Bull -> RawProviderConsensusRiskOn -> CrossVenueMomentum -> ProviderRawDailyConsensusV1:provider_consensus_momentum,board-b-provider-raw-daily-consensus/v1,1d_hold_5,long_research_only_until_branch_rc_spa_passes,suppress_if_bull_raw_provider_branch_rc_spa_fails,long,1,70136.53125,68518.09375,-0.02307552813285163,0.0018,-0.02487552813285163,2024,source_panel_daily_asof,yf_btc,btc_crossvenue,2,8.638367229281945e-05
board-b-provider-raw-daily-consensus/v1,20260511T212329+0800-codex-board-b-provider-raw-daily-consensus-v1,ProviderRawDailyConsensusV1,provider_consensus_momentum,BTC/USD,1d,ProviderRawDailyConsensusV1:provider_consensus_momentum:BTC/USD:1d:yf_btc:512,2024-05-27T00:00:00+00:00,2024-06-01T00:00:00+00:00,2024-05-27,^IXIC,Bull,0.9797225384,1.0,11.93000030517578,component_pass_from_205047_not_rescored_here,RawProviderConsensusRiskOn,CrossVenueMomentum,provider_raw_daily_consensus,ProviderRawDailyConsensusV1:provider_consensus_momentum,Bull -> RawProviderConsensusRiskOn -> CrossVenueMomentum -> ProviderRawDailyConsensusV1:provider_consensus_momentum,board-b-provider-raw-daily-consensus/v1,1d_hold_5,long_research_only_until_branch_rc_spa_passes,suppress_if_bull_raw_provider_branch_rc_spa_fails,long,1,69394.5546875,67706.9375,-0.024319158687590603,0.0018,-0.026119158687590602,2024,source_panel_daily_asof,yf_btc,btc_crossvenue,2,0.00017074514840633042
board-b-provider-raw-daily-consensus/v1,20260511T212329+0800-codex-board-b-provider-raw-daily-consensus-v1,ProviderRawDailyConsensusV1,provider_consensus_momentum,BTC/USD,1d,ProviderRawDailyConsensusV1:provider_consensus_momentum:BTC/USD:1d:yf_btc:518,2024-06-02T00:00:00+00:00,2024-06-07T00:00:00+00:00,2024-06-02,^IXIC,Bull,0.9797225384,0.833,12.920000076293944,component_pass_from_205047_not_rescored_here,RawProviderConsensusRiskOn,CrossVenueMomentum,provider_raw_daily_consensus,ProviderRawDailyConsensusV1:provider_consensus_momentum,Bull -> RawProviderConsensusRiskOn -> CrossVenueMomentum -> ProviderRawDailyConsensusV1:provider_consensus_momentum,board-b-provider-raw-daily-consensus/v1,1d_hold_5,long_research_only_until_branch_rc_spa_passes,suppress_if_bull_raw_provider_branch_rc_spa_fails,long,1,67751.6015625,69342.5859375,0.023482609094226836,0.0018,0.021682609094226837,2024,source_panel_daily_asof,yf_btc,btc_crossvenue,2,0.00023488227101771037
board-b-provider-raw-daily-consensus/v1,20260511T212329+0800-codex-board-b-provider-raw-daily-consensus-v1,ProviderRawDailyConsensusV1,provider_consensus_momentum,BTC/USD,1d,ProviderRawDailyConsensusV1:provider_consensus_momentum:BTC/USD:1d:yf_btc:524,2024-06-08T00:00:00+00:00,2024-06-13T00:00:00+00:00,2024-06-08,^IXIC,Bull,0.9797225384,0.6,12.220000267028809,component_pass_from_205047_not_rescored_here,RawProviderConsensusRiskOn,CrossVenueMomentum,provider_raw_daily_consensus,ProviderRawDailyConsensusV1:provider_consensus_momentum,Bull -> RawProviderConsensusRiskOn -> CrossVenueMomentum -> ProviderRawDailyConsensusV1:provider_consensus_momentum,board-b-provider-raw-daily-consensus/v1,1d_hold_5,long_research_only_until_branch_rc_spa_passes,suppress_if_bull_raw_provider_branch_rc_spa_fails,long,1,69305.7734375,66756.3984375,-0.03678445349576864,0.0018,-0.038584453495768646,2024,source_panel_daily_asof,yf_btc,btc_crossvenue,2,0.00014564275612018068
board-b-provider-raw-daily-consensus/v1,20260511T212329+0800-codex-board-b-provider-raw-daily-consensus-v1,ProviderRawDailyConsensusV1,provider_consensus_momentum,BTC/USD,1d,ProviderRawDailyConsensusV1:provider_consensus_momentum:BTC/USD:1d:yf_btc:561,2024-07-15T00:00:00+00:00,2024-07-20T00:00:00+00:00,2024-07-15,^IXIC,Bull,0.9797225384,0.8,13.119999885559082,component_pass_from_205047_not_rescored_here,RawProviderConsensusRiskOn,CrossVenueMomentum,provider_raw_daily_consensus,ProviderRawDailyConsensusV1:provider_consensus_momentum,Bull -> RawProviderConsensusRiskOn -> CrossVenueMomentum -> ProviderRawDailyConsensusV1:provider_consensus_momentum,board-b-provider-raw-daily-consensus/v1,1d_hold_5,long_research_only_until_branch_rc_spa_passes,suppress_if_bull_raw_provider_branch_rc_spa_fails,long,1,64870.15234375,67163.6484375,0.03535518279033245,0.0018,0.03355518279033245,2024,source_panel_daily_asof,yf_btc,btc_crossvenue,2,0.0011558606093787678
board-b-provider-raw-daily-consensus/v1,20260511T212329+0800-codex-board-b-provider-raw-daily-consensus-v1,ProviderRawDailyConsensusV1,provider_consensus_momentum,BTC/USD,1d,ProviderRawDailyConsensusV1:provider_consensus_momentum:BTC/USD:1d:yf_btc:567,2024-07-21T00:00:00+00:00,2024-07-26T00:00:00+00:00,2024-07-21,^IXIC,Bull,0.9797225384,0.6,16.520000457763672,component_pass_from_205047_not_rescored_here,RawProviderConsensusRiskOn,CrossVenueMomentum,provider_raw_daily_consensus,ProviderRawDailyConsensusV1:provider_consensus_momentum,Bull -> RawProviderConsensusRiskOn -> CrossVenueMomentum -> ProviderRawDailyConsensusV1:provider_consensus_momentum,board-b-provider-raw-daily-consensus/v1,1d_hold_5,long_research_only_until_branch_rc_spa_passes,suppress_if_bull_raw_provider_branch_rc_spa_fails,long,1,68154.5234375,67912.0625,-0.003557517905944163,0.0018,-0.005357517905944163,2024,source_panel_daily_asof,yf_btc,btc_crossvenue,2,0.0001807921939307112
board-b-provider-raw-daily-consensus/v1,20260511T212329+0800-codex-board-b-provider-raw-daily-consensus-v1,ProviderRawDailyConsensusV1,provider_consensus_momentum,BTC/USD,1d,ProviderRawDailyConsensusV1:provider_consensus_momentum:BTC/USD:1d:yf_btc:600,2024-08-23T00:00:00+00:00,2024-08-28T00:00:00+00:00,2024-08-23,^IXIC,Bull,0.9797225384,0.6,15.859999656677246,component_pass_from_205047_not_rescored_here,RawProviderConsensusRiskOn,CrossVenueMomentum,provider_raw_daily_consensus,ProviderRawDailyConsensusV1:provider_consensus_momentum,Bull -> RawProviderConsensusRiskOn -> CrossVenueMomentum -> ProviderRawDailyConsensusV1:provider_consensus_momentum,board-b-provider-raw-daily-consensus/v1,1d_hold_5,long_research_only_until_branch_rc_spa_passes,suppress_if_bull_raw_provider_branch_rc_spa_fails,long,1,64094.35546875,59027.625,-0.07905111817873489,0.0018,-0.08085111817873489,2024,source_panel_daily_asof,yf_btc,btc_crossvenue,2,7.673883231625206e-05
board-b-provider-raw-daily-consensus/v1,20260511T212329+0800-codex-board-b-provider-raw-daily-consensus-v1,ProviderRawDailyConsensusV1,provider_consensus_momentum,BTC/USD,1d,ProviderRawDailyConsensusV1:provider_consensus_momentum:BTC/USD:1d:yf_btc:627,2024-09-19T00:00:00+00:00,2024-09-24T00:00:00+00:00,2024-09-19,^IXIC,Bull,0.9797225384,0.6,16.329999923706055,component_pass_from_205047_not_rescored_here,RawProviderConsensusRiskOn,CrossVenueMomentum,provider_raw_daily_consensus,ProviderRawDailyConsensusV1:provider_consensus_momentum,Bull -> RawProviderConsensusRiskOn -> CrossVenueMomentum -> ProviderRawDailyConsensusV1:provider_consensus_momentum,board-b-provider-raw-daily-consensus/v1,1d_hold_5,long_research_only_until_branch_rc_spa_passes,suppress_if_bull_raw_provider_branch_rc_spa_fails,long,1,62940.45703125,64301.96875,0.021631741855226982,0.0018,0.019831741855226983,2024,source_panel_daily_asof,yf_btc,btc_crossvenue,2,0.00020626279308949729
board-b-provider-raw-daily-consensus/v1,20260511T212329+0800-codex-board-b-provider-raw-daily-consensus-v1,ProviderRawDailyConsensusV1,provider_consensus_momentum,BTC/USD,1d,ProviderRawDailyConsensusV1:provider_consensus_momentum:BTC/USD:1d:yf_btc:633,2024-09-25T00:00:00+00:00,2024-09-30T00:00:00+00:00,2024-09-25,^IXIC,Bull,0.9797225384,0.8,15.40999984741211,component_pass_from_205047_not_rescored_here,RawProviderConsensusRiskOn,CrossVenueMomentum,provider_raw_daily_consensus,ProviderRawDailyConsensusV1:provider_consensus_momentum,Bull -> RawProviderConsensusRiskOn -> CrossVenueMomentum -> ProviderRawDailyConsensusV1:provider_consensus_momentum,board-b-provider-raw-daily-consensus/v1,1d_hold_5,long_research_only_until_branch_rc_spa_passes,suppress_if_bull_raw_provider_branch_rc_spa_fails,long,1,63143.14453125,63329.5,0.0029513175204280984,0.0018,0.0011513175204280984,2024,source_panel_daily_asof,yf_btc,btc_crossvenue,2,4.41741053483911e-05
board-b-provider-raw-daily-consensus/v1,20260511T212329+0800-codex-board-b-provider-raw-daily-consensus-v1,ProviderRawDailyConsensusV1,provider_consensus_momentum,BTC/USD,1d,ProviderRawDailyConsensusV1:provider_consensus_momentum:BTC/USD:1d:yf_btc:642,2024-10-04T00:00:00+00:00,2024-10-09T00:00:00+00:00,2024-10-04,^IXIC,Bull,0.9797225384,0.833,19.209999084472656,component_pass_from_205047_not_rescored_here,RawProviderConsensusRiskOn,CrossVenueMomentum,provider_raw_daily_consensus,ProviderRawDailyConsensusV1:provider_consensus_momentum,Bull -> RawProviderConsensusRiskOn -> CrossVenueMomentum -> ProviderRawDailyConsensusV1:provider_consensus_momentum,board-b-provider-raw-daily-consensus/v1,1d_hold_5,long_research_only_until_branch_rc_spa_passes,suppress_if_bull_raw_provider_branch_rc_spa_fails,long,1,62067.4765625,60582.1015625,-0.023931615755383162,0.0018,-0.02573161575538316,2024,source_panel_daily_asof,yf_btc,btc_crossvenue,2,0.00015404964484428584
board-b-provider-raw-daily-consensus/v1,20260511T212329+0800-codex-board-b-provider-raw-daily-consensus-v1,ProviderRawDailyConsensusV1,provider_consensus_momentum,BTC/USD,1d,ProviderRawDailyConsensusV1:provider_consensus_momentum:BTC/USD:1d:yf_btc:652,2024-10-14T00:00:00+00:00,2024-10-19T00:00:00+00:00,2024-10-14,^IXIC,Bull,0.9797225384,0.833,19.700000762939453,component_pass_from_205047_not_rescored_here,RawProviderConsensusRiskOn,CrossVenueMomentum,provider_raw_daily_consensus,ProviderRawDailyConsensusV1:provider_consensus_momentum,Bull -> RawProviderConsensusRiskOn -> CrossVenueMomentum -> ProviderRawDailyConsensusV1:provider_consensus_momentum,board-b-provider-raw-daily-consensus/v1,1d_hold_5,long_research_only_until_branch_rc_spa_passes,suppress_if_bull_raw_provider_branch_rc_spa_fails,long,1,66046.125,68362.734375,0.03507562896384919,0.0018,0.03327562896384919,2024,source_panel_daily_asof,yf_btc,btc_crossvenue,2,0.00022085103233903902
board-b-provider-raw-daily-consensus/v1,20260511T212329+0800-codex-board-b-provider-raw-daily-consensus-v1,ProviderRawDailyConsensusV1,provider_consensus_momentum,BTC/USD,1d,ProviderRawDailyConsensusV1:provider_consensus_momentum:BTC/USD:1d:yf_btc:658,2024-10-20T00:00:00+00:00,2024-10-25T00:00:00+00:00,2024-10-20,^IXIC,Bull,0.9797225384,0.6,18.030000686645508,component_pass_from_205047_not_rescored_here,RawProviderConsensusRiskOn,CrossVenueMomentum,provider_raw_daily_consensus,ProviderRawDailyConsensusV1:provider_consensus_momentum,Bull -> RawProviderConsensusRiskOn -> CrossVenueMomentum -> ProviderRawDailyConsensusV1:provider_consensus_momentum,board-b-provider-raw-daily-consensus/v1,1d_hold_5,long_research_only_until_branch_rc_spa_passes,suppress_if_bull_raw_provider_branch_rc_spa_fails,long,1,69001.703125,66642.4140625,-0.03419175115469297,0.0018,-0.035991751154692976,2024,source_panel_daily_asof,yf_btc,btc_crossvenue,2,9.014173855498372e-05
board-b-provider-raw-daily-consensus/v1,20260511T212329+0800-codex-board-b-provider-raw-daily-consensus-v1,ProviderRawDailyConsensusV1,provider_consensus_momentum,BTC/USD,1d,ProviderRawDailyConsensusV1:provider_consensus_momentum:BTC/USD:1d:yf_btc:664,2024-10-26T00:00:00+00:00,2024-10-31T00:00:00+00:00,2024-10-26,^IXIC,Bull,0.9797225384,0.6,20.329999923706055,component_pass_from_205047_not_rescored_here,RawProviderConsensusRiskOn,CrossVenueMomentum,provider_raw_daily_consensus,ProviderRawDailyConsensusV1:provider_consensus_momentum,Bull -> RawProviderConsensusRiskOn -> CrossVenueMomentum -> ProviderRawDailyConsensusV1:provider_consensus_momentum,board-b-provider-raw-daily-consensus/v1,1d_hold_5,long_research_only_until_branch_rc_spa_passes,suppress_if_bull_raw_provider_branch_rc_spa_fails,long,1,67014.6953125,70215.1875,0.04775806519115844,0.0018,0.045958065191158436,2024,source_panel_daily_asof,yf_btc,btc_crossvenue,2,0.00011927155662410369
board-b-provider-raw-daily-consensus/v1,20260511T212329+0800-codex-board-b-provider-raw-daily-consensus-v1,ProviderRawDailyConsensusV1,provider_consensus_momentum,BTC/USD,1d,ProviderRawDailyConsensusV1:provider_consensus_momentum:BTC/USD:1d:yf_btc:670,2024-11-01T00:00:00+00:00,2024-11-06T00:00:00+00:00,2024-11-01,^IXIC,Bull,0.9797225384,0.6,21.8799991607666,component_pass_from_205047_not_rescored_here,RawProviderConsensusRiskOn,CrossVenueMomentum,provider_raw_daily_consensus,ProviderRawDailyConsensusV1:provider_consensus_momentum,Bull -> RawProviderConsensusRiskOn -> CrossVenueMomentum -> ProviderRawDailyConsensusV1:provider_consensus_momentum,board-b-provider-raw-daily-consensus/v1,1d_hold_5,long_research_only_until_branch_rc_spa_passes,suppress_if_bull_raw_provider_branch_rc_spa_fails,long,1,69482.46875,75639.078125,0.08860665842417981,0.0018,0.08680665842417981,2024,source_panel_daily_asof,yf_btc,btc_crossvenue,2,7.765717612428408e-05
board-b-provider-raw-daily-consensus/v1,20260511T212329+0800-codex-board-b-provider-raw-daily-consensus-v1,ProviderRawDailyConsensusV1,provider_consensus_momentum,BTC/USD,1d,ProviderRawDailyConsensusV1:provider_consensus_momentum:BTC/USD:1d:yf_btc:676,2024-11-07T00:00:00+00:00,2024-11-12T00:00:00+00:00,2024-11-07,^IXIC,Bull,0.9797225384,0.833,15.199999809265137,component_pass_from_205047_not_rescored_here,RawProviderConsensusRiskOn,CrossVenueMomentum,provider_raw_daily_consensus,ProviderRawDailyConsensusV1:provider_consensus_momentum,Bull -> RawProviderConsensusRiskOn -> CrossVenueMomentum -> ProviderRawDailyConsensusV1:provider_consensus_momentum,board-b-provider-raw-daily-consensus/v1,1d_hold_5,long_research_only_until_branch_rc_spa_passes,suppress_if_bull_raw_provider_branch_rc_spa_fails,long,1,75904.859375,87955.8125,0.15876392136455353,0.0018,0.15696392136455353,2024,source_panel_daily_asof,yf_btc,btc_crossvenue,2,0.00041294327920627456
board-b-provider-raw-daily-consensus/v1,20260511T212329+0800-codex-board-b-provider-raw-daily-consensus-v1,ProviderRawDailyConsensusV1,provider_consensus_momentum,BTC/USD,1d,ProviderRawDailyConsensusV1:provider_consensus_momentum:BTC/USD:1d:yf_btc:682,2024-11-13T00:00:00+00:00,2024-11-18T00:00:00+00:00,2024-11-13,^IXIC,Bull,0.9797225384,0.6,14.020000457763672,component_pass_from_205047_not_rescored_here,RawProviderConsensusRiskOn,CrossVenueMomentum,provider_raw_daily_consensus,ProviderRawDailyConsensusV1:provider_consensus_momentum,Bull -> RawProviderConsensusRiskOn -> CrossVenueMomentum -> ProviderRawDailyConsensusV1:provider_consensus_momentum,board-b-provider-raw-daily-consensus/v1,1d_hold_5,long_research_only_until_branch_rc_spa_passes,suppress_if_bull_raw_provider_branch_rc_spa_fails,long,1,90584.1640625,90542.640625,-0.0004583962100853656,0.0018,-0.0022583962100853655,2024,source_panel_daily_asof,yf_btc,btc_crossvenue,2,0.0007284012448229556
board-b-provider-raw-daily-consensus/v1,20260511T212329+0800-codex-board-b-provider-raw-daily-consensus-v1,ProviderRawDailyConsensusV1,provider_consensus_momentum,BTC/USD,1d,ProviderRawDailyConsensusV1:provider_consensus_momentum:BTC/USD:1d:yf_btc:688,2024-11-19T00:00:00+00:00,2024-11-24T00:00:00+00:00,2024-11-19,^IXIC,Bull,0.9797225384,0.6,16.350000381469727,component_pass_from_205047_not_rescored_here,RawProviderConsensusRiskOn,CrossVenueMomentum,provider_raw_daily_consensus,ProviderRawDailyConsensusV1:provider_consensus_momentum,Bull -> RawProviderConsensusRiskOn -> CrossVenueMomentum -> ProviderRawDailyConsensusV1:provider_consensus_momentum,board-b-provider-raw-daily-consensus/v1,1d_hold_5,long_research_only_until_branch_rc_spa_passes,suppress_if_bull_raw_provider_branch_rc_spa_fails,long,1,92343.7890625,98013.8203125,0.061401327664412975,0.0018,0.05960132766441297,2024,source_panel_daily_asof,yf_btc,btc_crossvenue,2,0.0002473722037047305
board-b-provider-raw-daily-consensus/v1,20260511T212329+0800-codex-board-b-provider-raw-daily-consensus-v1,ProviderRawDailyConsensusV1,provider_consensus_momentum,BTC/USD,1d,ProviderRawDailyConsensusV1:provider_consensus_momentum:BTC/USD:1d:yf_btc:694,2024-11-25T00:00:00+00:00,2024-11-30T00:00:00+00:00,2024-11-25,^IXIC,Bull,0.9797225384,0.6,14.600000381469728,component_pass_from_205047_not_rescored_here,RawProviderConsensusRiskOn,CrossVenueMomentum,provider_raw_daily_consensus,ProviderRawDailyConsensusV1:provider_consensus_momentum,Bull -> RawProviderConsensusRiskOn -> CrossVenueMomentum -> ProviderRawDailyConsensusV1:provider_consensus_momentum,board-b-provider-raw-daily-consensus/v1,1d_hold_5,long_research_only_until_branch_rc_spa_passes,suppress_if_bull_raw_provider_branch_rc_spa_fails,long,1,93102.296875,96449.0546875,0.035947102540266895,0.0018,0.03414710254026689,2024,source_panel_daily_asof,yf_btc,btc_crossvenue,2,0.0007773661606689477
board-b-provider-raw-daily-consensus/v1,20260511T212329+0800-codex-board-b-provider-raw-daily-consensus-v1,ProviderRawDailyConsensusV1,provider_consensus_momentum,BTC/USD,1d,ProviderRawDailyConsensusV1:provider_consensus_momentum:BTC/USD:1d:yf_btc:700,2024-12-01T00:00:00+00:00,2024-12-06T00:00:00+00:00,2024-12-01,^IXIC,Bull,0.9797225384,0.833,13.510000228881836,component_pass_from_205047_not_rescored_here,RawProviderConsensusRiskOn,CrossVenueMomentum,provider_raw_daily_consensus,ProviderRawDailyConsensusV1:provider_consensus_momentum,Bull -> RawProviderConsensusRiskOn -> CrossVenueMomentum -> ProviderRawDailyConsensusV1:provider_consensus_momentum,board-b-provider-raw-daily-consensus/v1,1d_hold_5,long_research_only_until_branch_rc_spa_passes,suppress_if_bull_raw_provider_branch_rc_spa_fails,long,1,97279.7890625,99920.7109375,0.02714769327165456,0.0018,0.02534769327165456,2024,source_panel_daily_asof,yf_btc,btc_crossvenue,2,0.0002558283291597689
board-b-provider-raw-daily-consensus/v1,20260511T212329+0800-codex-board-b-provider-raw-daily-consensus-v1,ProviderRawDailyConsensusV1,provider_consensus_momentum,BTC/USD,1d,ProviderRawDailyConsensusV1:provider_consensus_momentum:BTC/USD:1d:yf_btc:706,2024-12-07T00:00:00+00:00,2024-12-12T00:00:00+00:00,2024-12-07,^IXIC,Bull,0.9797225384,0.8,12.770000457763672,component_pass_from_205047_not_rescored_here,RawProviderConsensusRiskOn,CrossVenueMomentum,provider_raw_daily_consensus,ProviderRawDailyConsensusV1:provider_consensus_momentum,Bull -> RawProviderConsensusRiskOn -> CrossVenueMomentum -> ProviderRawDailyConsensusV1:provider_consensus_momentum,board-b-provider-raw-daily-consensus/v1,1d_hold_5,long_research_only_until_branch_rc_spa_passes,suppress_if_bull_raw_provider_branch_rc_spa_fails,long,1,99923.3359375,100043.0,0.0011975587221673134,0.0018,-0.0006024412778326865,2024,source_panel_daily_asof,yf_btc,btc_crossvenue,2,0.0001658636970017023
board-b-provider-raw-daily-consensus/v1,20260511T212329+0800-codex-board-b-provider-raw-daily-consensus-v1,ProviderRawDailyConsensusV1,provider_consensus_momentum,BTC/USD,1d,ProviderRawDailyConsensusV1:provider_consensus_momentum:BTC/USD:1d:yf_btc:712,2024-12-13T00:00:00+00:00,2024-12-18T00:00:00+00:00,2024-12-13,^IXIC,Bull,0.9797225384,0.8,13.8100004196167,component_pass_from_205047_not_rescored_here,RawProviderConsensusRiskOn,CrossVenueMomentum,provider_raw_daily_consensus,ProviderRawDailyConsensusV1:provider_consensus_momentum,Bull -> RawProviderConsensusRiskOn -> CrossVenueMomentum -> ProviderRawDailyConsensusV1:provider_consensus_momentum,board-b-provider-raw-daily-consensus/v1,1d_hold_5,long_research_only_until_branch_rc_spa_passes,suppress_if_bull_raw_provider_branch_rc_spa_fails,long,1,101459.2578125,100041.5390625,-0.01397328130095321,0.0018,-0.01577328130095321,2024,source_panel_daily_asof,yf_btc,btc_crossvenue,2,0.00016614542810371868
board-b-provider-raw-daily-consensus/v1,20260511T212329+0800-codex-board-b-provider-raw-daily-consensus-v1,ProviderRawDailyConsensusV1,provider_consensus_momentum,BTC/USD,1d,ProviderRawDailyConsensusV1:provider_consensus_momentum:BTC/USD:1d:yf_btc:719,2024-12-20T00:00:00+00:00,2024-12-25T00:00:00+00:00,2024-12-20,^IXIC,Bull,0.9797225384,0.6,18.36000061035156,component_pass_from_205047_not_rescored_here,RawProviderConsensusRiskOn,CrossVenueMomentum,provider_raw_daily_consensus,ProviderRawDailyConsensusV1:provider_consensus_momentum,Bull -> RawProviderConsensusRiskOn -> CrossVenueMomentum -> ProviderRawDailyConsensusV1:provider_consensus_momentum,board-b-provider-raw-daily-consensus/v1,1d_hold_5,long_research_only_until_branch_rc_spa_passes,suppress_if_bull_raw_provider_branch_rc_spa_fails,long,1,97755.9296875,99299.1953125,0.015786925968924947,0.0018,0.013986925968924948,2024,source_panel_daily_asof,yf_btc,btc_crossvenue,2,0.00018710530626907517
board-b-provider-raw-daily-consensus/v1,20260511T212329+0800-codex-board-b-provider-raw-daily-consensus-v1,ProviderRawDailyConsensusV1,provider_consensus_momentum,BTC/USD,1d,ProviderRawDailyConsensusV1:provider_consensus_momentum:BTC/USD:1d:yf_btc:751,2025-01-21T00:00:00+00:00,2025-01-26T00:00:00+00:00,2025-01-21,^IXIC,Bull,0.9797225384,0.6,15.0600004196167,component_pass_from_205047_not_rescored_here,RawProviderConsensusRiskOn,CrossVenueMomentum,provider_raw_daily_consensus,ProviderRawDailyConsensusV1:provider_consensus_momentum,Bull -> RawProviderConsensusRiskOn -> CrossVenueMomentum -> ProviderRawDailyConsensusV1:provider_consensus_momentum,board-b-provider-raw-daily-consensus/v1,1d_hold_5,long_research_only_until_branch_rc_spa_passes,suppress_if_bull_raw_provider_branch_rc_spa_fails,long,1,106146.265625,102682.5,-0.03263200645453701,0.0018,-0.03443200645453701,2025,source_panel_daily_asof,yf_btc,btc_crossvenue,4,0.0001150192435464935
board-b-provider-raw-daily-consensus/v1,20260511T212329+0800-codex-board-b-provider-raw-daily-consensus-v1,ProviderRawDailyConsensusV1,provider_consensus_momentum,BTC/USD,1d,ProviderRawDailyConsensusV1:provider_consensus_momentum:BTC/USD:1d:yf_btc:760,2025-01-30T00:00:00+00:00,2025-02-04T00:00:00+00:00,2025-01-30,^IXIC,Bull,0.9797225384,0.6,15.84000015258789,component_pass_from_205047_not_rescored_here,RawProviderConsensusRiskOn,CrossVenueMomentum,provider_raw_daily_consensus,ProviderRawDailyConsensusV1:provider_consensus_momentum,Bull -> RawProviderConsensusRiskOn -> CrossVenueMomentum -> ProviderRawDailyConsensusV1:provider_consensus_momentum,board-b-provider-raw-daily-consensus/v1,1d_hold_5,long_research_only_until_branch_rc_spa_passes,suppress_if_bull_raw_provider_branch_rc_spa_fails,long,1,104735.3046875,97871.8203125,-0.06553171727030027,0.0018,-0.06733171727030027,2025,source_panel_daily_asof,yf_btc,btc_crossvenue,4,0.0002678195323553804
board-b-provider-raw-daily-consensus/v1,20260511T212329+0800-codex-board-b-provider-raw-daily-consensus-v1,ProviderRawDailyConsensusV1,provider_consensus_momentum,BTC/USD,1d,ProviderRawDailyConsensusV1:provider_consensus_momentum:BTC/USD:1d:yf_btc:852,2025-05-02T00:00:00+00:00,2025-05-07T00:00:00+00:00,2025-05-02,^IXIC,Bull,0.9797225384,0.222,22.68000030517578,component_pass_from_205047_not_rescored_here,RawProviderConsensusRiskOn,CrossVenueMomentum,provider_raw_daily_consensus,ProviderRawDailyConsensusV1:provider_consensus_momentum,Bull -> RawProviderConsensusRiskOn -> CrossVenueMomentum -> ProviderRawDailyConsensusV1:provider_consensus_momentum,board-b-provider-raw-daily-consensus/v1,1d_hold_5,long_research_only_until_branch_rc_spa_passes,suppress_if_bull_raw_provider_branch_rc_spa_fails,long,1,96910.0703125,97032.3203125,0.0012614788081959372,0.0018,-0.0005385211918040628,2025,source_panel_daily_asof,yf_btc,btc_crossvenue,4,0.0004009046279861136
board-b-provider-raw-daily-consensus/v1,20260511T212329+0800-codex-board-b-provider-raw-daily-consensus-v1,ProviderRawDailyConsensusV1,provider_consensus_momentum,BTC/USD,1d,ProviderRawDailyConsensusV1:provider_consensus_momentum:BTC/USD:1d:yf_btc:859,2025-05-09T00:00:00+00:00,2025-05-14T00:00:00+00:00,2025-05-09,^IXIC,Bull,0.9797225384,0.667,21.899999618530273,component_pass_from_205047_not_rescored_here,RawProviderConsensusRiskOn,CrossVenueMomentum,provider_raw_daily_consensus,ProviderRawDailyConsensusV1:provider_consensus_momentum,Bull -> RawProviderConsensusRiskOn -> CrossVenueMomentum -> ProviderRawDailyConsensusV1:provider_consensus_momentum,board-b-provider-raw-daily-consensus/v1,1d_hold_5,long_research_only_until_branch_rc_spa_passes,suppress_if_bull_raw_provider_branch_rc_spa_fails,long,1,102970.8515625,103539.4140625,0.0055215868507692,0.0018,0.0037215868507692,2025,source_panel_daily_asof,yf_btc,btc_crossvenue,4,0.00020575383982511015
board-b-provider-raw-daily-consensus/v1,20260511T212329+0800-codex-board-b-provider-raw-daily-consensus-v1,ProviderRawDailyConsensusV1,provider_consensus_momentum,BTC/USD,1d,ProviderRawDailyConsensusV1:provider_consensus_momentum:BTC/USD:1d:yf_btc:865,2025-05-15T00:00:00+00:00,2025-05-20T00:00:00+00:00,2025-05-15,^IXIC,Bull,0.9797225384,0.8,17.829999923706055,component_pass_from_205047_not_rescored_here,RawProviderConsensusRiskOn,CrossVenueMomentum,provider_raw_daily_consensus,ProviderRawDailyConsensusV1:provider_consensus_momentum,Bull -> RawProviderConsensusRiskOn -> CrossVenueMomentum -> ProviderRawDailyConsensusV1:provider_consensus_momentum,board-b-provider-raw-daily-consensus/v1,1d_hold_5,long_research_only_until_branch_rc_spa_passes,suppress_if_bull_raw_provider_branch_rc_spa_fails,long,1,103744.640625,106791.0859375,0.029364845202094036,0.0018,0.027564845202094037,2025,source_panel_daily_asof,yf_btc,btc_crossvenue,4,0.00023960867460369397
board-b-provider-raw-daily-consensus/v1,20260511T212329+0800-codex-board-b-provider-raw-daily-consensus-v1,ProviderRawDailyConsensusV1,provider_consensus_momentum,BTC/USD,1d,ProviderRawDailyConsensusV1:provider_consensus_momentum:BTC/USD:1d:yf_btc:871,2025-05-21T00:00:00+00:00,2025-05-26T00:00:00+00:00,2025-05-21,^IXIC,Bull,0.9797225384,0.8,20.8700008392334,component_pass_from_205047_not_rescored_here,RawProviderConsensusRiskOn,CrossVenueMomentum,provider_raw_daily_consensus,ProviderRawDailyConsensusV1:provider_consensus_momentum,Bull -> RawProviderConsensusRiskOn -> CrossVenueMomentum -> ProviderRawDailyConsensusV1:provider_consensus_momentum,board-b-provider-raw-daily-consensus/v1,1d_hold_5,long_research_only_until_branch_rc_spa_passes,suppress_if_bull_raw_provider_branch_rc_spa_fails,long,1,109678.078125,109440.3671875,-0.0021673514120942317,0.0018,-0.003967351412094231,2025,source_panel_daily_asof,yf_btc,btc_crossvenue,4,0.0002955683729518766
board-b-provider-raw-daily-consensus/v1,20260511T212329+0800-codex-board-b-provider-raw-daily-consensus-v1,ProviderRawDailyConsensusV1,provider_consensus_momentum,BTC/USD,1d,ProviderRawDailyConsensusV1:provider_consensus_momentum:BTC/USD:1d:yf_btc:877,2025-05-27T00:00:00+00:00,2025-06-01T00:00:00+00:00,2025-05-27,^IXIC,Bull,0.9797225384,0.8,18.959999084472656,component_pass_from_205047_not_rescored_here,RawProviderConsensusRiskOn,CrossVenueMomentum,provider_raw_daily_consensus,ProviderRawDailyConsensusV1:provider_consensus_momentum,Bull -> RawProviderConsensusRiskOn -> CrossVenueMomentum -> ProviderRawDailyConsensusV1:provider_consensus_momentum,board-b-provider-raw-daily-consensus/v1,1d_hold_5,long_research_only_until_branch_rc_spa_passes,suppress_if_bull_raw_provider_branch_rc_spa_fails,long,1,108994.640625,105652.1015625,-0.030667003839208284,0.0018,-0.03246700383920829,2025,source_panel_daily_asof,yf_btc,btc_crossvenue,4,0.0005933765336845871
board-b-provider-raw-daily-consensus/v1,20260511T212329+0800-codex-board-b-provider-raw-daily-consensus-v1,ProviderRawDailyConsensusV1,provider_consensus_momentum,BTC/USD,1d,ProviderRawDailyConsensusV1:provider_consensus_momentum:BTC/USD:1d:yf_btc:883,2025-06-02T00:00:00+00:00,2025-06-07T00:00:00+00:00,2025-06-02,^IXIC,Bull,0.9797225384,0.6,18.36000061035156,component_pass_from_205047_not_rescored_here,RawProviderConsensusRiskOn,CrossVenueMomentum,provider_raw_daily_consensus,ProviderRawDailyConsensusV1:provider_consensus_momentum,Bull -> RawProviderConsensusRiskOn -> CrossVenueMomentum -> ProviderRawDailyConsensusV1:provider_consensus_momentum,board-b-provider-raw-daily-consensus/v1,1d_hold_5,long_research_only_until_branch_rc_spa_passes,suppress_if_bull_raw_provider_branch_rc_spa_fails,long,1,105881.53125,105615.625,-0.002511356294726763,0.0018,-0.004311356294726763,2025,source_panel_daily_asof,yf_btc,btc_crossvenue,4,0.00037094414867534114
board-b-provider-raw-daily-consensus/v1,20260511T212329+0800-codex-board-b-provider-raw-daily-consensus-v1,ProviderRawDailyConsensusV1,provider_consensus_momentum,BTC/USD,1d,ProviderRawDailyConsensusV1:provider_consensus_momentum:BTC/USD:1d:yf_btc:889,2025-06-08T00:00:00+00:00,2025-06-13T00:00:00+00:00,2025-06-08,^IXIC,Bull,0.9797225384,0.6,16.770000457763672,component_pass_from_205047_not_rescored_here,RawProviderConsensusRiskOn,CrossVenueMomentum,provider_raw_daily_consensus,ProviderRawDailyConsensusV1:provider_consensus_momentum,Bull -> RawProviderConsensusRiskOn -> CrossVenueMomentum -> ProviderRawDailyConsensusV1:provider_consensus_momentum,board-b-provider-raw-daily-consensus/v1,1d_hold_5,long_research_only_until_branch_rc_spa_passes,suppress_if_bull_raw_provider_branch_rc_spa_fails,long,1,105793.6484375,106090.96875,0.002810379610602487,0.0018,0.001010379610602487,2025,source_panel_daily_asof,yf_btc,btc_crossvenue,4,0.00048500603580261463
board-b-provider-raw-daily-consensus/v1,20260511T212329+0800-codex-board-b-provider-raw-daily-consensus-v1,ProviderRawDailyConsensusV1,provider_consensus_momentum,BTC/USD,1d,ProviderRawDailyConsensusV1:provider_consensus_momentum:BTC/USD:1d:yf_btc:905,2025-06-24T00:00:00+00:00,2025-06-29T00:00:00+00:00,2025-06-24,^IXIC,Bull,0.9797225384,0.6,17.479999542236328,component_pass_from_205047_not_rescored_here,RawProviderConsensusRiskOn,CrossVenueMomentum,provider_raw_daily_consensus,ProviderRawDailyConsensusV1:provider_consensus_momentum,Bull -> RawProviderConsensusRiskOn -> CrossVenueMomentum -> ProviderRawDailyConsensusV1:provider_consensus_momentum,board-b-provider-raw-daily-consensus/v1,1d_hold_5,long_research_only_until_branch_rc_spa_passes,suppress_if_bull_raw_provider_branch_rc_spa_fails,long,1,106045.6328125,108385.5703125,0.022065382967135116,0.0018,0.020265382967135117,2025,source_panel_daily_asof,yf_btc,btc_crossvenue,4,0.0002508040599242748
board-b-provider-raw-daily-consensus/v1,20260511T212329+0800-codex-board-b-provider-raw-daily-consensus-v1,ProviderRawDailyConsensusV1,provider_consensus_momentum,BTC/USD,1d,ProviderRawDailyConsensusV1:provider_consensus_momentum:BTC/USD:1d:yf_btc:913,2025-07-02T00:00:00+00:00,2025-07-07T00:00:00+00:00,2025-07-02,^IXIC,Bull,0.9797225384,0.833,16.639999389648438,component_pass_from_205047_not_rescored_here,RawProviderConsensusRiskOn,CrossVenueMomentum,provider_raw_daily_consensus,ProviderRawDailyConsensusV1:provider_consensus_momentum,Bull -> RawProviderConsensusRiskOn -> CrossVenueMomentum -> ProviderRawDailyConsensusV1:provider_consensus_momentum,board-b-provider-raw-daily-consensus/v1,1d_hold_5,long_research_only_until_branch_rc_spa_passes,suppress_if_bull_raw_provider_branch_rc_spa_fails,long,1,108859.3203125,108299.8515625,-0.005139373903804922,0.0018,-0.006939373903804922,2025,source_panel_daily_asof,yf_btc,btc_crossvenue,4,0.00023008733663085722
board-b-provider-raw-daily-consensus/v1,20260511T212329+0800-codex-board-b-provider-raw-daily-consensus-v1,ProviderRawDailyConsensusV1,provider_consensus_momentum,BTC/USD,1d,ProviderRawDailyConsensusV1:provider_consensus_momentum:BTC/USD:1d:yf_btc:919,2025-07-08T00:00:00+00:00,2025-07-13T00:00:00+00:00,2025-07-08,^IXIC,Bull,0.9797225384,0.6,16.809999465942383,component_pass_from_205047_not_rescored_here,RawProviderConsensusRiskOn,CrossVenueMomentum,provider_raw_daily_consensus,ProviderRawDailyConsensusV1:provider_consensus_momentum,Bull -> RawProviderConsensusRiskOn -> CrossVenueMomentum -> ProviderRawDailyConsensusV1:provider_consensus_momentum,board-b-provider-raw-daily-consensus/v1,1d_hold_5,long_research_only_until_branch_rc_spa_passes,suppress_if_bull_raw_provider_branch_rc_spa_fails,long,1,108950.2734375,119116.1171875,0.09330718895195522,0.0018,0.09150718895195523,2025,source_panel_daily_asof,yf_btc,btc_crossvenue,4,0.0002653414255073585
board-b-provider-raw-daily-consensus/v1,20260511T212329+0800-codex-board-b-provider-raw-daily-consensus-v1,ProviderRawDailyConsensusV1,provider_consensus_momentum,BTC/USD,1d,ProviderRawDailyConsensusV1:provider_consensus_momentum:BTC/USD:1d:yf_btc:925,2025-07-14T00:00:00+00:00,2025-07-19T00:00:00+00:00,2025-07-14,^IXIC,Bull,0.9797225384,0.8,17.200000762939453,component_pass_from_205047_not_rescored_here,RawProviderConsensusRiskOn,CrossVenueMomentum,provider_raw_daily_consensus,ProviderRawDailyConsensusV1:provider_consensus_momentum,Bull -> RawProviderConsensusRiskOn -> CrossVenueMomentum -> ProviderRawDailyConsensusV1:provider_consensus_momentum,board-b-provider-raw-daily-consensus/v1,1d_hold_5,long_research_only_until_branch_rc_spa_passes,suppress_if_bull_raw_provider_branch_rc_spa_fails,long,1,119849.703125,117939.9765625,-0.015934345373456726,0.0018,-0.017734345373456726,2025,source_panel_daily_asof,yf_btc,btc_crossvenue,4,5.5822672051864864e-05
board-b-provider-raw-daily-consensus/v1,20260511T212329+0800-codex-board-b-provider-raw-daily-consensus-v1,ProviderRawDailyConsensusV1,provider_consensus_momentum,BTC/USD,1d,ProviderRawDailyConsensusV1:provider_consensus_momentum:BTC/USD:1d:yf_btc:931,2025-07-20T00:00:00+00:00,2025-07-25T00:00:00+00:00,2025-07-20,^IXIC,Bull,0.9797225384,1.0,16.40999984741211,component_pass_from_205047_not_rescored_here,RawProviderConsensusRiskOn,CrossVenueMomentum,provider_raw_daily_consensus,ProviderRawDailyConsensusV1:provider_consensus_momentum,Bull -> RawProviderConsensusRiskOn -> CrossVenueMomentum -> ProviderRawDailyConsensusV1:provider_consensus_momentum,board-b-provider-raw-daily-consensus/v1,1d_hold_5,long_research_only_until_branch_rc_spa_passes,suppress_if_bull_raw_provider_branch_rc_spa_fails,long,1,117300.7890625,117635.8828125,0.0028567049947247902,0.0018,0.0010567049947247903,2025,source_panel_daily_asof,yf_btc,btc_crossvenue,4,0.0001920930633049634
board-b-provider-raw-daily-consensus/v1,20260511T212329+0800-codex-board-b-provider-raw-daily-consensus-v1,ProviderRawDailyConsensusV1,provider_consensus_momentum,BTC/USD,1d,ProviderRawDailyConsensusV1:provider_consensus_momentum:BTC/USD:1d:yf_btc:937,2025-07-26T00:00:00+00:00,2025-07-31T00:00:00+00:00,2025-07-26,^IXIC,Bull,0.9797225384,0.8,14.93000030517578,component_pass_from_205047_not_rescored_here,RawProviderConsensusRiskOn,CrossVenueMomentum,provider_raw_daily_consensus,ProviderRawDailyConsensusV1:provider_consensus_momentum,Bull -> RawProviderConsensusRiskOn -> CrossVenueMomentum -> ProviderRawDailyConsensusV1:provider_consensus_momentum,board-b-provider-raw-daily-consensus/v1,1d_hold_5,long_research_only_until_branch_rc_spa_passes,suppress_if_bull_raw_provider_branch_rc_spa_fails,long,1,117947.3671875,115758.203125,-0.018560516565154894,0.0018,-0.020360516565154894,2025,source_panel_daily_asof,yf_btc,btc_crossvenue,4,0.00018086071605770277
board-b-provider-raw-daily-consensus/v1,20260511T212329+0800-codex-board-b-provider-raw-daily-consensus-v1,ProviderRawDailyConsensusV1,provider_consensus_momentum,BTC/USD,1d,ProviderRawDailyConsensusV1:provider_consensus_momentum:BTC/USD:1d:yf_btc:952,2025-08-10T00:00:00+00:00,2025-08-15T00:00:00+00:00,2025-08-10,^IXIC,Bull,0.9797225384,0.6,15.149999618530272,component_pass_from_205047_not_rescored_here,RawProviderConsensusRiskOn,CrossVenueMomentum,provider_raw_daily_consensus,ProviderRawDailyConsensusV1:provider_consensus_momentum,Bull -> RawProviderConsensusRiskOn -> CrossVenueMomentum -> ProviderRawDailyConsensusV1:provider_consensus_momentum,board-b-provider-raw-daily-consensus/v1,1d_hold_5,long_research_only_until_branch_rc_spa_passes,suppress_if_bull_raw_provider_branch_rc_spa_fails,long,1,119306.7578125,117398.3515625,-0.0159957934067676,0.0018,-0.0177957934067676,2025,source_panel_daily_asof,yf_btc,btc_crossvenue,4,0.00012152432962939062
board-b-provider-raw-daily-consensus/v1,20260511T212329+0800-codex-board-b-provider-raw-daily-consensus-v1,ProviderRawDailyConsensusV1,provider_consensus_momentum,BTC/USD,1d,ProviderRawDailyConsensusV1:provider_consensus_momentum:BTC/USD:1d:yf_btc:964,2025-08-22T00:00:00+00:00,2025-08-27T00:00:00+00:00,2025-08-22,^IXIC,Bull,0.9797225384,0.6,14.220000267028809,component_pass_from_205047_not_rescored_here,RawProviderConsensusRiskOn,CrossVenueMomentum,provider_raw_daily_consensus,ProviderRawDailyConsensusV1:provider_consensus_momentum,Bull -> RawProviderConsensusRiskOn -> CrossVenueMomentum -> ProviderRawDailyConsensusV1:provider_consensus_momentum,board-b-provider-raw-daily-consensus/v1,1d_hold_5,long_research_only_until_branch_rc_spa_passes,suppress_if_bull_raw_provider_branch_rc_spa_fails,long,1,116874.0859375,111222.0625,-0.0483599370396145,0.0018,-0.0501599370396145,2025,source_panel_daily_asof,yf_btc,btc_crossvenue,4,0.00042499401891445295
board-b-provider-raw-daily-consensus/v1,20260511T212329+0800-codex-board-b-provider-raw-daily-consensus-v1,ProviderRawDailyConsensusV1,provider_consensus_momentum,BTC/USD,1d,ProviderRawDailyConsensusV1:provider_consensus_momentum:BTC/USD:1d:yf_btc:983,2025-09-10T00:00:00+00:00,2025-09-15T00:00:00+00:00,2025-09-10,^IXIC,Bull,0.9797225384,0.6,15.350000381469728,component_pass_from_205047_not_rescored_here,RawProviderConsensusRiskOn,CrossVenueMomentum,provider_raw_daily_consensus,ProviderRawDailyConsensusV1:provider_consensus_momentum,Bull -> RawProviderConsensusRiskOn -> CrossVenueMomentum -> ProviderRawDailyConsensusV1:provider_consensus_momentum,board-b-provider-raw-daily-consensus/v1,1d_hold_5,long_research_only_until_branch_rc_spa_passes,suppress_if_bull_raw_provider_branch_rc_spa_fails,long,1,113955.359375,115444.875,0.01307104495277267,0.0018,0.01127104495277267,2025,source_panel_daily_asof,yf_btc,btc_crossvenue,4,0.00029100087545262475
board-b-provider-raw-daily-consensus/v1,20260511T212329+0800-codex-board-b-provider-raw-daily-consensus-v1,ProviderRawDailyConsensusV1,provider_consensus_momentum,BTC/USD,1d,ProviderRawDailyConsensusV1:provider_consensus_momentum:BTC/USD:1d:yf_btc:989,2025-09-16T00:00:00+00:00,2025-09-21T00:00:00+00:00,2025-09-16,^IXIC,Bull,0.9797225384,0.8,16.360000610351562,component_pass_from_205047_not_rescored_here,RawProviderConsensusRiskOn,CrossVenueMomentum,provider_raw_daily_consensus,ProviderRawDailyConsensusV1:provider_consensus_momentum,Bull -> RawProviderConsensusRiskOn -> CrossVenueMomentum -> ProviderRawDailyConsensusV1:provider_consensus_momentum,board-b-provider-raw-daily-consensus/v1,1d_hold_5,long_research_only_until_branch_rc_spa_passes,suppress_if_bull_raw_provider_branch_rc_spa_fails,long,1,116843.1875,115306.09375,-0.013155185020949589,0.0018,-0.014955185020949589,2025,source_panel_daily_asof,yf_btc,btc_crossvenue,4,0.000354128286273778
board-b-provider-raw-daily-consensus/v1,20260511T212329+0800-codex-board-b-provider-raw-daily-consensus-v1,ProviderRawDailyConsensusV1,provider_consensus_momentum,BTC/USD,1d,ProviderRawDailyConsensusV1:provider_consensus_momentum:BTC/USD:1d:yf_btc:1002,2025-09-29T00:00:00+00:00,2025-10-04T00:00:00+00:00,2025-09-29,^IXIC,Bull,0.9797225384,1.0,16.1200008392334,component_pass_from_205047_not_rescored_here,RawProviderConsensusRiskOn,CrossVenueMomentum,provider_raw_daily_consensus,ProviderRawDailyConsensusV1:provider_consensus_momentum,Bull -> RawProviderConsensusRiskOn -> CrossVenueMomentum -> ProviderRawDailyConsensusV1:provider_consensus_momentum,board-b-provider-raw-daily-consensus/v1,1d_hold_5,long_research_only_until_branch_rc_spa_passes,suppress_if_bull_raw_provider_branch_rc_spa_fails,long,1,114400.3828125,122425.4296875,0.07014877640884198,0.0018,0.06834877640884199,2025,source_panel_daily_asof,yf_btc,btc_crossvenue,4,0.0005685136824625679
board-b-provider-raw-daily-consensus/v1,20260511T212329+0800-codex-board-b-provider-raw-daily-consensus-v1,ProviderRawDailyConsensusV1,provider_consensus_momentum,BTC/USD,1d,ProviderRawDailyConsensusV1:provider_consensus_momentum:BTC/USD:1d:yf_btc:1008,2025-10-05T00:00:00+00:00,2025-10-10T00:00:00+00:00,2025-10-05,^IXIC,Bull,0.9797225384,0.6,16.649999618530273,component_pass_from_205047_not_rescored_here,RawProviderConsensusRiskOn,CrossVenueMomentum,provider_raw_daily_consensus,ProviderRawDailyConsensusV1:provider_consensus_momentum,Bull -> RawProviderConsensusRiskOn -> CrossVenueMomentum -> ProviderRawDailyConsensusV1:provider_consensus_momentum,board-b-provider-raw-daily-consensus/v1,1d_hold_5,long_research_only_until_branch_rc_spa_passes,suppress_if_bull_raw_provider_branch_rc_spa_fails,long,1,123513.4765625,113214.3671875,-0.08338449909786538,0.0018,-0.08518449909786538,2025,source_panel_daily_asof,yf_btc,btc_crossvenue,4,0.0003282778109451256
board-b-provider-raw-daily-consensus/v1,20260511T212329+0800-codex-board-b-provider-raw-daily-consensus-v1,ProviderRawDailyConsensusV1,provider_pullback_reclaim,BTC/USD,1d,ProviderRawDailyConsensusV1:provider_pullback_reclaim:BTC/USD:1d:yf_btc:111,2023-04-22T00:00:00+00:00,2023-04-26T00:00:00+00:00,2023-04-22,^IXIC,Bull,0.9797225384,0.333,16.770000457763672,component_pass_from_205047_not_rescored_here,RawProviderConsensusRiskOn,CrossVenueMomentum,provider_raw_daily_consensus,ProviderRawDailyConsensusV1:provider_pullback_reclaim,Bull -> RawProviderConsensusRiskOn -> CrossVenueMomentum -> ProviderRawDailyConsensusV1:provider_pullback_reclaim,board-b-provider-raw-daily-consensus/v1,1d_hold_4,long_research_only_until_branch_rc_spa_passes,suppress_if_bull_raw_provider_branch_rc_spa_fails,long,1,27817.5,28422.701171875,0.021756130920284056,0.0018,0.019956130920284056,2023,source_panel_daily_asof,yf_btc,btc_crossvenue,1,0.0
board-b-provider-raw-daily-consensus/v1,20260511T212329+0800-codex-board-b-provider-raw-daily-consensus-v1,ProviderRawDailyConsensusV1,provider_pullback_reclaim,BTC/USD,1d,ProviderRawDailyConsensusV1:provider_pullback_reclaim:BTC/USD:1d:yf_btc:199,2023-07-19T00:00:00+00:00,2023-07-23T00:00:00+00:00,2023-07-19,^IXIC,Bull,0.9797225384,0.857,13.760000228881836,component_pass_from_205047_not_rescored_here,RawProviderConsensusRiskOn,CrossVenueMomentum,provider_raw_daily_consensus,ProviderRawDailyConsensusV1:provider_pullback_reclaim,Bull -> RawProviderConsensusRiskOn -> CrossVenueMomentum -> ProviderRawDailyConsensusV1:provider_pullback_reclaim,board-b-provider-raw-daily-consensus/v1,1d_hold_4,long_research_only_until_branch_rc_spa_passes,suppress_if_bull_raw_provider_branch_rc_spa_fails,long,1,29913.923828125,30084.5390625,0.005703539106246769,0.0018,0.003903539106246769,2023,source_panel_daily_asof,yf_btc,btc_crossvenue,1,0.0
board-b-provider-raw-daily-consensus/v1,20260511T212329+0800-codex-board-b-provider-raw-daily-consensus-v1,ProviderRawDailyConsensusV1,provider_pullback_reclaim,BTC/USD,1d,ProviderRawDailyConsensusV1:provider_pullback_reclaim:BTC/USD:1d:yf_btc:447,2024-03-23T00:00:00+00:00,2024-03-27T00:00:00+00:00,2024-03-23,^IXIC,Bull,0.9797225384,0.6,13.0600004196167,component_pass_from_205047_not_rescored_here,RawProviderConsensusRiskOn,CrossVenueMomentum,provider_raw_daily_consensus,ProviderRawDailyConsensusV1:provider_pullback_reclaim,Bull -> RawProviderConsensusRiskOn -> CrossVenueMomentum -> ProviderRawDailyConsensusV1:provider_pullback_reclaim,board-b-provider-raw-daily-consensus/v1,1d_hold_4,long_research_only_until_branch_rc_spa_passes,suppress_if_bull_raw_provider_branch_rc_spa_fails,long,1,64062.203125,69455.34375,0.08418599988634101,0.0018,0.08238599988634102,2024,source_panel_daily_asof,yf_btc,btc_crossvenue,1,0.0
board-b-provider-raw-daily-consensus/v1,20260511T212329+0800-codex-board-b-provider-raw-daily-consensus-v1,ProviderRawDailyConsensusV1,provider_pullback_reclaim,BTC/USD,1d,ProviderRawDailyConsensusV1:provider_pullback_reclaim:BTC/USD:1d:yf_btc:469,2024-04-14T00:00:00+00:00,2024-04-18T00:00:00+00:00,2024-04-14,^IXIC,Bull,0.9797225384,0.6,17.309999465942383,component_pass_from_205047_not_rescored_here,RawProviderConsensusRiskOn,CrossVenueMomentum,provider_raw_daily_consensus,ProviderRawDailyConsensusV1:provider_pullback_reclaim,Bull -> RawProviderConsensusRiskOn -> CrossVenueMomentum -> ProviderRawDailyConsensusV1:provider_pullback_reclaim,board-b-provider-raw-daily-consensus/v1,1d_hold_4,long_research_only_until_branch_rc_spa_passes,suppress_if_bull_raw_provider_branch_rc_spa_fails,long,1,65738.7265625,63512.75390625,-0.033860903194309566,0.0018,-0.03566090319430957,2024,source_panel_daily_asof,yf_btc,btc_crossvenue,1,0.0
board-b-provider-raw-daily-consensus/v1,20260511T212329+0800-codex-board-b-provider-raw-daily-consensus-v1,ProviderRawDailyConsensusV1,provider_pullback_reclaim,BTC/USD,1d,ProviderRawDailyConsensusV1:provider_pullback_reclaim:BTC/USD:1d:yf_btc:727,2024-12-28T00:00:00+00:00,2025-01-01T00:00:00+00:00,2024-12-28,^IXIC,Bull,0.9797225384,0.6,15.949999809265137,component_pass_from_205047_not_rescored_here,RawProviderConsensusRiskOn,CrossVenueMomentum,provider_raw_daily_consensus,ProviderRawDailyConsensusV1:provider_pullback_reclaim,Bull -> RawProviderConsensusRiskOn -> CrossVenueMomentum -> ProviderRawDailyConsensusV1:provider_pullback_reclaim,board-b-provider-raw-daily-consensus/v1,1d_hold_4,long_research_only_until_branch_rc_spa_passes,suppress_if_bull_raw_provider_branch_rc_spa_fails,long,1,95163.9296875,94419.7578125,-0.007819894338576772,0.0018,-0.009619894338576771,2024,source_panel_daily_asof,yf_btc,btc_crossvenue,2,0.0002984188092692553
board-b-provider-raw-daily-consensus/v1,20260511T212329+0800-codex-board-b-provider-raw-daily-consensus-v1,ProviderRawDailyConsensusV1,provider_pullback_reclaim,BTC/USD,1d,ProviderRawDailyConsensusV1:provider_pullback_reclaim:BTC/USD:1d:yf_btc:887,2025-06-06T00:00:00+00:00,2025-06-10T00:00:00+00:00,2025-06-06,^IXIC,Bull,0.9797225384,0.6,16.770000457763672,component_pass_from_205047_not_rescored_here,RawProviderConsensusRiskOn,CrossVenueMomentum,provider_raw_daily_consensus,ProviderRawDailyConsensusV1:provider_pullback_reclaim,Bull -> RawProviderConsensusRiskOn -> CrossVenueMomentum -> ProviderRawDailyConsensusV1:provider_pullback_reclaim,board-b-provider-raw-daily-consensus/v1,1d_hold_4,long_research_only_until_branch_rc_spa_passes,suppress_if_bull_raw_provider_branch_rc_spa_fails,long,1,104390.34375,110257.234375,0.05620146858650421,0.0018,0.05440146858650421,2025,source_panel_daily_asof,yf_btc,btc_crossvenue,4,0.0007348714929945373
board-b-provider-raw-daily-consensus/v1,20260511T212329+0800-codex-board-b-provider-raw-daily-consensus-v1,ProviderRawDailyConsensusV1,provider_pullback_reclaim,BTC/USD,1d,ProviderRawDailyConsensusV1:provider_pullback_reclaim:BTC/USD:1d:yf_btc:945,2025-08-03T00:00:00+00:00,2025-08-07T00:00:00+00:00,2025-08-03,^IXIC,Bull,0.9797225384,0.6,20.3799991607666,component_pass_from_205047_not_rescored_here,RawProviderConsensusRiskOn,CrossVenueMomentum,provider_raw_daily_consensus,ProviderRawDailyConsensusV1:provider_pullback_reclaim,Bull -> RawProviderConsensusRiskOn -> CrossVenueMomentum -> ProviderRawDailyConsensusV1:provider_pullback_reclaim,board-b-provider-raw-daily-consensus/v1,1d_hold_4,long_research_only_until_branch_rc_spa_passes,suppress_if_bull_raw_provider_branch_rc_spa_fails,long,1,114217.671875,117496.8984375,0.028710325719900842,0.0018,0.026910325719900843,2025,source_panel_daily_asof,yf_btc,btc_crossvenue,4,0.00031028111084743695
board-b-provider-raw-daily-consensus/v1,20260511T212329+0800-codex-board-b-provider-raw-daily-consensus-v1,ProviderRawDailyConsensusV1,btc_crossvenue_carry,BTC/USD,1d,ProviderRawDailyConsensusV1:btc_crossvenue_carry:BTC/USD:1d:yf_btc:498,2024-05-13T00:00:00+00:00,2024-05-18T00:00:00+00:00,2024-05-13,^IXIC,Bull,0.9797225384,0.6,13.600000381469728,component_pass_from_205047_not_rescored_here,RawProviderConsensusRiskOn,CrossVenueMomentum,provider_raw_daily_consensus,ProviderRawDailyConsensusV1:btc_crossvenue_carry,Bull -> RawProviderConsensusRiskOn -> CrossVenueMomentum -> ProviderRawDailyConsensusV1:btc_crossvenue_carry,board-b-provider-raw-daily-consensus/v1,1d_hold_5,long_research_only_until_branch_rc_spa_passes,suppress_if_bull_raw_provider_branch_rc_spa_fails,long,1,62901.44921875,66940.8046875,0.06421720833016886,0.0018,0.06241720833016886,2024,source_panel_daily_asof,yf_btc,btc_crossvenue,2,9.611709337839773e-05
board-b-provider-raw-daily-consensus/v1,20260511T212329+0800-codex-board-b-provider-raw-daily-consensus-v1,ProviderRawDailyConsensusV1,btc_crossvenue_carry,BTC/USD,1d,ProviderRawDailyConsensusV1:btc_crossvenue_carry:BTC/USD:1d:yf_btc:504,2024-05-19T00:00:00+00:00,2024-05-24T00:00:00+00:00,2024-05-19,^IXIC,Bull,0.9797225384,1.0,11.989999771118164,component_pass_from_205047_not_rescored_here,RawProviderConsensusRiskOn,CrossVenueMomentum,provider_raw_daily_consensus,ProviderRawDailyConsensusV1:btc_crossvenue_carry,Bull -> RawProviderConsensusRiskOn -> CrossVenueMomentum -> ProviderRawDailyConsensusV1:btc_crossvenue_carry,board-b-provider-raw-daily-consensus/v1,1d_hold_5,long_research_only_until_branch_rc_spa_passes,suppress_if_bull_raw_provider_branch_rc_spa_fails,long,1,66278.3671875,68526.1015625,0.03391354480174824,0.0018,0.03211354480174824,2024,source_panel_daily_asof,yf_btc,btc_crossvenue,2,0.00017037032148393348
board-b-provider-raw-daily-consensus/v1,20260511T212329+0800-codex-board-b-provider-raw-daily-consensus-v1,ProviderRawDailyConsensusV1,btc_crossvenue_carry,BTC/USD,1d,ProviderRawDailyConsensusV1:btc_crossvenue_carry:BTC/USD:1d:yf_btc:512,2024-05-27T00:00:00+00:00,2024-06-01T00:00:00+00:00,2024-05-27,^IXIC,Bull,0.9797225384,1.0,11.93000030517578,component_pass_from_205047_not_rescored_here,RawProviderConsensusRiskOn,CrossVenueMomentum,provider_raw_daily_consensus,ProviderRawDailyConsensusV1:btc_crossvenue_carry,Bull -> RawProviderConsensusRiskOn -> CrossVenueMomentum -> ProviderRawDailyConsensusV1:btc_crossvenue_carry,board-b-provider-raw-daily-consensus/v1,1d_hold_5,long_research_only_until_branch_rc_spa_passes,suppress_if_bull_raw_provider_branch_rc_spa_fails,long,1,69394.5546875,67706.9375,-0.024319158687590603,0.0018,-0.026119158687590602,2024,source_panel_daily_asof,yf_btc,btc_crossvenue,2,0.00017074514840633042
board-b-provider-raw-daily-consensus/v1,20260511T212329+0800-codex-board-b-provider-raw-daily-consensus-v1,ProviderRawDailyConsensusV1,btc_crossvenue_carry,BTC/USD,1d,ProviderRawDailyConsensusV1:btc_crossvenue_carry:BTC/USD:1d:yf_btc:519,2024-06-03T00:00:00+00:00,2024-06-08T00:00:00+00:00,2024-06-03,^IXIC,Bull,0.9797225384,0.6,13.109999656677246,component_pass_from_205047_not_rescored_here,RawProviderConsensusRiskOn,CrossVenueMomentum,provider_raw_daily_consensus,ProviderRawDailyConsensusV1:btc_crossvenue_carry,Bull -> RawProviderConsensusRiskOn -> CrossVenueMomentum -> ProviderRawDailyConsensusV1:btc_crossvenue_carry,board-b-provider-raw-daily-consensus/v1,1d_hold_5,long_research_only_until_branch_rc_spa_passes,suppress_if_bull_raw_provider_branch_rc_spa_fails,long,1,68804.78125,69305.7734375,0.007281357173125169,0.0018,0.00548135717312517,2024,source_panel_daily_asof,yf_btc,btc_crossvenue,2,4.913861665026923e-05
board-b-provider-raw-daily-consensus/v1,20260511T212329+0800-codex-board-b-provider-raw-daily-consensus-v1,ProviderRawDailyConsensusV1,btc_crossvenue_carry,BTC/USD,1d,ProviderRawDailyConsensusV1:btc_crossvenue_carry:BTC/USD:1d:yf_btc:560,2024-07-14T00:00:00+00:00,2024-07-19T00:00:00+00:00,2024-07-14,^IXIC,Bull,0.9797225384,0.6,12.460000038146973,component_pass_from_205047_not_rescored_here,RawProviderConsensusRiskOn,CrossVenueMomentum,provider_raw_daily_consensus,ProviderRawDailyConsensusV1:btc_crossvenue_carry,Bull -> RawProviderConsensusRiskOn -> CrossVenueMomentum -> ProviderRawDailyConsensusV1:btc_crossvenue_carry,board-b-provider-raw-daily-consensus/v1,1d_hold_5,long_research_only_until_branch_rc_spa_passes,suppress_if_bull_raw_provider_branch_rc_spa_fails,long,1,60787.79296875,66710.15625,0.09742685154393738,0.0018,0.09562685154393738,2024,source_panel_daily_asof,yf_btc,btc_crossvenue,2,0.00025827347690322004
board-b-provider-raw-daily-consensus/v1,20260511T212329+0800-codex-board-b-provider-raw-daily-consensus-v1,ProviderRawDailyConsensusV1,btc_crossvenue_carry,BTC/USD,1d,ProviderRawDailyConsensusV1:btc_crossvenue_carry:BTC/USD:1d:yf_btc:566,2024-07-20T00:00:00+00:00,2024-07-25T00:00:00+00:00,2024-07-20,^IXIC,Bull,0.9797225384,0.6,16.520000457763672,component_pass_from_205047_not_rescored_here,RawProviderConsensusRiskOn,CrossVenueMomentum,provider_raw_daily_consensus,ProviderRawDailyConsensusV1:btc_crossvenue_carry,Bull -> RawProviderConsensusRiskOn -> CrossVenueMomentum -> ProviderRawDailyConsensusV1:btc_crossvenue_carry,board-b-provider-raw-daily-consensus/v1,1d_hold_5,long_research_only_until_branch_rc_spa_passes,suppress_if_bull_raw_provider_branch_rc_spa_fails,long,1,67163.6484375,65777.2265625,-0.020642444346812838,0.0018,-0.022442444346812838,2024,source_panel_daily_asof,yf_btc,btc_crossvenue,2,2.5809866964199104e-05
board-b-provider-raw-daily-consensus/v1,20260511T212329+0800-codex-board-b-provider-raw-daily-consensus-v1,ProviderRawDailyConsensusV1,btc_crossvenue_carry,BTC/USD,1d,ProviderRawDailyConsensusV1:btc_crossvenue_carry:BTC/USD:1d:yf_btc:598,2024-08-21T00:00:00+00:00,2024-08-26T00:00:00+00:00,2024-08-21,^IXIC,Bull,0.9797225384,0.4,16.270000457763672,component_pass_from_205047_not_rescored_here,RawProviderConsensusRiskOn,CrossVenueMomentum,provider_raw_daily_consensus,ProviderRawDailyConsensusV1:btc_crossvenue_carry,Bull -> RawProviderConsensusRiskOn -> CrossVenueMomentum -> ProviderRawDailyConsensusV1:btc_crossvenue_carry,board-b-provider-raw-daily-consensus/v1,1d_hold_5,long_research_only_until_branch_rc_spa_passes,suppress_if_bull_raw_provider_branch_rc_spa_fails,long,1,61175.19140625,62880.66015625,0.027878437497226294,0.0018,0.026078437497226294,2024,source_panel_daily_asof,yf_btc,btc_crossvenue,2,5.2111643067087546e-05
board-b-provider-raw-daily-consensus/v1,20260511T212329+0800-codex-board-b-provider-raw-daily-consensus-v1,ProviderRawDailyConsensusV1,btc_crossvenue_carry,BTC/USD,1d,ProviderRawDailyConsensusV1:btc_crossvenue_carry:BTC/USD:1d:yf_btc:620,2024-09-12T00:00:00+00:00,2024-09-17T00:00:00+00:00,2024-09-12,^IXIC,Bull,0.9797225384,0.6,17.06999969482422,component_pass_from_205047_not_rescored_here,RawProviderConsensusRiskOn,CrossVenueMomentum,provider_raw_daily_consensus,ProviderRawDailyConsensusV1:btc_crossvenue_carry,Bull -> RawProviderConsensusRiskOn -> CrossVenueMomentum -> ProviderRawDailyConsensusV1:btc_crossvenue_carry,board-b-provider-raw-daily-consensus/v1,1d_hold_5,long_research_only_until_branch_rc_spa_passes,suppress_if_bull_raw_provider_branch_rc_spa_fails,long,1,58127.01171875,60308.5390625,0.03753035429217344,0.0018,0.03573035429217344,2024,source_panel_daily_asof,yf_btc,btc_crossvenue,2,7.405919182430551e-05
board-b-provider-raw-daily-consensus/v1,20260511T212329+0800-codex-board-b-provider-raw-daily-consensus-v1,ProviderRawDailyConsensusV1,btc_crossvenue_carry,BTC/USD,1d,ProviderRawDailyConsensusV1:btc_crossvenue_carry:BTC/USD:1d:yf_btc:627,2024-09-19T00:00:00+00:00,2024-09-24T00:00:00+00:00,2024-09-19,^IXIC,Bull,0.9797225384,0.6,16.329999923706055,component_pass_from_205047_not_rescored_here,RawProviderConsensusRiskOn,CrossVenueMomentum,provider_raw_daily_consensus,ProviderRawDailyConsensusV1:btc_crossvenue_carry,Bull -> RawProviderConsensusRiskOn -> CrossVenueMomentum -> ProviderRawDailyConsensusV1:btc_crossvenue_carry,board-b-provider-raw-daily-consensus/v1,1d_hold_5,long_research_only_until_branch_rc_spa_passes,suppress_if_bull_raw_provider_branch_rc_spa_fails,long,1,62940.45703125,64301.96875,0.021631741855226982,0.0018,0.019831741855226983,2024,source_panel_daily_asof,yf_btc,btc_crossvenue,2,0.00020626279308949729
board-b-provider-raw-daily-consensus/v1,20260511T212329+0800-codex-board-b-provider-raw-daily-consensus-v1,ProviderRawDailyConsensusV1,btc_crossvenue_carry,BTC/USD,1d,ProviderRawDailyConsensusV1:btc_crossvenue_carry:BTC/USD:1d:yf_btc:634,2024-09-26T00:00:00+00:00,2024-10-01T00:00:00+00:00,2024-09-26,^IXIC,Bull,0.9797225384,0.8,15.369999885559082,component_pass_from_205047_not_rescored_here,RawProviderConsensusRiskOn,CrossVenueMomentum,provider_raw_daily_consensus,ProviderRawDailyConsensusV1:btc_crossvenue_carry,Bull -> RawProviderConsensusRiskOn -> CrossVenueMomentum -> ProviderRawDailyConsensusV1:btc_crossvenue_carry,board-b-provider-raw-daily-consensus/v1,1d_hold_5,long_research_only_until_branch_rc_spa_passes,suppress_if_bull_raw_provider_branch_rc_spa_fails,long,1,65181.01953125,60837.0078125,-0.06664534783269738,0.0018,-0.06844534783269737,2024,source_panel_daily_asof,yf_btc,btc_crossvenue,2,2.6908491358814063e-05
board-b-provider-raw-daily-consensus/v1,20260511T212329+0800-codex-board-b-provider-raw-daily-consensus-v1,ProviderRawDailyConsensusV1,btc_crossvenue_carry,BTC/USD,1d,ProviderRawDailyConsensusV1:btc_crossvenue_carry:BTC/USD:1d:yf_btc:644,2024-10-06T00:00:00+00:00,2024-10-11T00:00:00+00:00,2024-10-06,^IXIC,Bull,0.9797225384,0.833,19.209999084472656,component_pass_from_205047_not_rescored_here,RawProviderConsensusRiskOn,CrossVenueMomentum,provider_raw_daily_consensus,ProviderRawDailyConsensusV1:btc_crossvenue_carry,Bull -> RawProviderConsensusRiskOn -> CrossVenueMomentum -> ProviderRawDailyConsensusV1:btc_crossvenue_carry,board-b-provider-raw-daily-consensus/v1,1d_hold_5,long_research_only_until_branch_rc_spa_passes,suppress_if_bull_raw_provider_branch_rc_spa_fails,long,1,62818.953125,62445.08984375,-0.005951440809688013,0.0018,-0.007751440809688013,2024,source_panel_daily_asof,yf_btc,btc_crossvenue,2,0.00010866648189957818
board-b-provider-raw-daily-consensus/v1,20260511T212329+0800-codex-board-b-provider-raw-daily-consensus-v1,ProviderRawDailyConsensusV1,btc_crossvenue_carry,BTC/USD,1d,ProviderRawDailyConsensusV1:btc_crossvenue_carry:BTC/USD:1d:yf_btc:650,2024-10-12T00:00:00+00:00,2024-10-17T00:00:00+00:00,2024-10-12,^IXIC,Bull,0.9797225384,0.6,20.459999084472656,component_pass_from_205047_not_rescored_here,RawProviderConsensusRiskOn,CrossVenueMomentum,provider_raw_daily_consensus,ProviderRawDailyConsensusV1:btc_crossvenue_carry,Bull -> RawProviderConsensusRiskOn -> CrossVenueMomentum -> ProviderRawDailyConsensusV1:btc_crossvenue_carry,board-b-provider-raw-daily-consensus/v1,1d_hold_5,long_research_only_until_branch_rc_spa_passes,suppress_if_bull_raw_provider_branch_rc_spa_fails,long,1,63193.0234375,67399.8359375,0.06657083758875193,0.0018,0.06477083758875193,2024,source_panel_daily_asof,yf_btc,btc_crossvenue,2,0.00010097616912173004
board-b-provider-raw-daily-consensus/v1,20260511T212329+0800-codex-board-b-provider-raw-daily-consensus-v1,ProviderRawDailyConsensusV1,btc_crossvenue_carry,BTC/USD,1d,ProviderRawDailyConsensusV1:btc_crossvenue_carry:BTC/USD:1d:yf_btc:656,2024-10-18T00:00:00+00:00,2024-10-23T00:00:00+00:00,2024-10-18,^IXIC,Bull,0.9797225384,0.6,18.030000686645508,component_pass_from_205047_not_rescored_here,RawProviderConsensusRiskOn,CrossVenueMomentum,provider_raw_daily_consensus,ProviderRawDailyConsensusV1:btc_crossvenue_carry,Bull -> RawProviderConsensusRiskOn -> CrossVenueMomentum -> ProviderRawDailyConsensusV1:btc_crossvenue_carry,board-b-provider-raw-daily-consensus/v1,1d_hold_5,long_research_only_until_branch_rc_spa_passes,suppress_if_bull_raw_provider_branch_rc_spa_fails,long,1,68418.7890625,66432.1953125,-0.029035792319932252,0.0018,-0.03083579231993225,2024,source_panel_daily_asof,yf_btc,btc_crossvenue,2,0.00022228015515998647
board-b-provider-raw-daily-consensus/v1,20260511T212329+0800-codex-board-b-provider-raw-daily-consensus-v1,ProviderRawDailyConsensusV1,btc_crossvenue_carry,BTC/USD,1d,ProviderRawDailyConsensusV1:btc_crossvenue_carry:BTC/USD:1d:yf_btc:665,2024-10-27T00:00:00+00:00,2024-11-01T00:00:00+00:00,2024-10-27,^IXIC,Bull,0.9797225384,0.6,20.329999923706055,component_pass_from_205047_not_rescored_here,RawProviderConsensusRiskOn,CrossVenueMomentum,provider_raw_daily_consensus,ProviderRawDailyConsensusV1:btc_crossvenue_carry,Bull -> RawProviderConsensusRiskOn -> CrossVenueMomentum -> ProviderRawDailyConsensusV1:btc_crossvenue_carry,board-b-provider-raw-daily-consensus/v1,1d_hold_5,long_research_only_until_branch_rc_spa_passes,suppress_if_bull_raw_provider_branch_rc_spa_fails,long,1,67929.296875,69482.46875,0.022864536311307138,0.0018,0.021064536311307138,2024,source_panel_daily_asof,yf_btc,btc_crossvenue,2,0.00012389415801647462
board-b-provider-raw-daily-consensus/v1,20260511T212329+0800-codex-board-b-provider-raw-daily-consensus-v1,ProviderRawDailyConsensusV1,btc_crossvenue_carry,BTC/USD,1d,ProviderRawDailyConsensusV1:btc_crossvenue_carry:BTC/USD:1d:yf_btc:675,2024-11-06T00:00:00+00:00,2024-11-11T00:00:00+00:00,2024-11-06,^IXIC,Bull,0.9797225384,0.6,16.270000457763672,component_pass_from_205047_not_rescored_here,RawProviderConsensusRiskOn,CrossVenueMomentum,provider_raw_daily_consensus,ProviderRawDailyConsensusV1:btc_crossvenue_carry,Bull -> RawProviderConsensusRiskOn -> CrossVenueMomentum -> ProviderRawDailyConsensusV1:btc_crossvenue_carry,board-b-provider-raw-daily-consensus/v1,1d_hold_5,long_research_only_until_branch_rc_spa_passes,suppress_if_bull_raw_provider_branch_rc_spa_fails,long,1,75639.078125,88701.484375,0.17269388487804238,0.0018,0.17089388487804238,2024,source_panel_daily_asof,yf_btc,btc_crossvenue,2,2.7314422291146207e-05
board-b-provider-raw-daily-consensus/v1,20260511T212329+0800-codex-board-b-provider-raw-daily-consensus-v1,ProviderRawDailyConsensusV1,btc_crossvenue_carry,BTC/USD,1d,ProviderRawDailyConsensusV1:btc_crossvenue_carry:BTC/USD:1d:yf_btc:681,2024-11-12T00:00:00+00:00,2024-11-17T00:00:00+00:00,2024-11-12,^IXIC,Bull,0.9797225384,1.0,14.710000038146973,component_pass_from_205047_not_rescored_here,RawProviderConsensusRiskOn,CrossVenueMomentum,provider_raw_daily_consensus,ProviderRawDailyConsensusV1:btc_crossvenue_carry,Bull -> RawProviderConsensusRiskOn -> CrossVenueMomentum -> ProviderRawDailyConsensusV1:btc_crossvenue_carry,board-b-provider-raw-daily-consensus/v1,1d_hold_5,long_research_only_until_branch_rc_spa_passes,suppress_if_bull_raw_provider_branch_rc_spa_fails,long,1,87955.8125,89845.8515625,0.02148850665781743,0.0018,0.01968850665781743,2024,source_panel_daily_asof,yf_btc,btc_crossvenue,2,0.0010562833339051194
board-b-provider-raw-daily-consensus/v1,20260511T212329+0800-codex-board-b-provider-raw-daily-consensus-v1,ProviderRawDailyConsensusV1,btc_crossvenue_carry,BTC/USD,1d,ProviderRawDailyConsensusV1:btc_crossvenue_carry:BTC/USD:1d:yf_btc:688,2024-11-19T00:00:00+00:00,2024-11-24T00:00:00+00:00,2024-11-19,^IXIC,Bull,0.9797225384,0.6,16.350000381469727,component_pass_from_205047_not_rescored_here,RawProviderConsensusRiskOn,CrossVenueMomentum,provider_raw_daily_consensus,ProviderRawDailyConsensusV1:btc_crossvenue_carry,Bull -> RawProviderConsensusRiskOn -> CrossVenueMomentum -> ProviderRawDailyConsensusV1:btc_crossvenue_carry,board-b-provider-raw-daily-consensus/v1,1d_hold_5,long_research_only_until_branch_rc_spa_passes,suppress_if_bull_raw_provider_branch_rc_spa_fails,long,1,92343.7890625,98013.8203125,0.061401327664412975,0.0018,0.05960132766441297,2024,source_panel_daily_asof,yf_btc,btc_crossvenue,2,0.0002473722037047305
board-b-provider-raw-daily-consensus/v1,20260511T212329+0800-codex-board-b-provider-raw-daily-consensus-v1,ProviderRawDailyConsensusV1,btc_crossvenue_carry,BTC/USD,1d,ProviderRawDailyConsensusV1:btc_crossvenue_carry:BTC/USD:1d:yf_btc:699,2024-11-30T00:00:00+00:00,2024-12-05T00:00:00+00:00,2024-11-30,^IXIC,Bull,0.9797225384,0.833,13.510000228881836,component_pass_from_205047_not_rescored_here,RawProviderConsensusRiskOn,CrossVenueMomentum,provider_raw_daily_consensus,ProviderRawDailyConsensusV1:btc_crossvenue_carry,Bull -> RawProviderConsensusRiskOn -> CrossVenueMomentum -> ProviderRawDailyConsensusV1:btc_crossvenue_carry,board-b-provider-raw-daily-consensus/v1,1d_hold_5,long_research_only_until_branch_rc_spa_passes,suppress_if_bull_raw_provider_branch_rc_spa_fails,long,1,96449.0546875,96593.5703125,0.0014983622749671355,0.0018,-0.0003016377250328645,2024,source_panel_daily_asof,yf_btc,btc_crossvenue,2,5.238321714599811e-05
board-b-provider-raw-daily-consensus/v1,20260511T212329+0800-codex-board-b-provider-raw-daily-consensus-v1,ProviderRawDailyConsensusV1,btc_crossvenue_carry,BTC/USD,1d,ProviderRawDailyConsensusV1:btc_crossvenue_carry:BTC/USD:1d:yf_btc:705,2024-12-06T00:00:00+00:00,2024-12-11T00:00:00+00:00,2024-12-06,^IXIC,Bull,0.9797225384,0.8,12.770000457763672,component_pass_from_205047_not_rescored_here,RawProviderConsensusRiskOn,CrossVenueMomentum,provider_raw_daily_consensus,ProviderRawDailyConsensusV1:btc_crossvenue_carry,Bull -> RawProviderConsensusRiskOn -> CrossVenueMomentum -> ProviderRawDailyConsensusV1:btc_crossvenue_carry,board-b-provider-raw-daily-consensus/v1,1d_hold_5,long_research_only_until_branch_rc_spa_passes,suppress_if_bull_raw_provider_branch_rc_spa_fails,long,1,99920.7109375,101173.03125,0.012533140534631615,0.0018,0.010733140534631615,2024,source_panel_daily_asof,yf_btc,btc_crossvenue,2,0.00033842361587548854
board-b-provider-raw-daily-consensus/v1,20260511T212329+0800-codex-board-b-provider-raw-daily-consensus-v1,ProviderRawDailyConsensusV1,btc_crossvenue_carry,BTC/USD,1d,ProviderRawDailyConsensusV1:btc_crossvenue_carry:BTC/USD:1d:yf_btc:711,2024-12-12T00:00:00+00:00,2024-12-17T00:00:00+00:00,2024-12-12,^IXIC,Bull,0.9797225384,0.8,13.920000076293944,component_pass_from_205047_not_rescored_here,RawProviderConsensusRiskOn,CrossVenueMomentum,provider_raw_daily_consensus,ProviderRawDailyConsensusV1:btc_crossvenue_carry,Bull -> RawProviderConsensusRiskOn -> CrossVenueMomentum -> ProviderRawDailyConsensusV1:btc_crossvenue_carry,board-b-provider-raw-daily-consensus/v1,1d_hold_5,long_research_only_until_branch_rc_spa_passes,suppress_if_bull_raw_provider_branch_rc_spa_fails,long,1,100043.0,106140.6015625,0.060949807207900664,0.0018,0.05914980720790066,2024,source_panel_daily_asof,yf_btc,btc_crossvenue,2,5.0181222105433735e-05
board-b-provider-raw-daily-consensus/v1,20260511T212329+0800-codex-board-b-provider-raw-daily-consensus-v1,ProviderRawDailyConsensusV1,btc_crossvenue_carry,BTC/USD,1d,ProviderRawDailyConsensusV1:btc_crossvenue_carry:BTC/USD:1d:yf_btc:723,2024-12-24T00:00:00+00:00,2024-12-29T00:00:00+00:00,2024-12-24,^IXIC,Bull,0.9797225384,0.833,14.270000457763672,component_pass_from_205047_not_rescored_here,RawProviderConsensusRiskOn,CrossVenueMomentum,provider_raw_daily_consensus,ProviderRawDailyConsensusV1:btc_crossvenue_carry,Bull -> RawProviderConsensusRiskOn -> CrossVenueMomentum -> ProviderRawDailyConsensusV1:btc_crossvenue_carry,board-b-provider-raw-daily-consensus/v1,1d_hold_5,long_research_only_until_branch_rc_spa_passes,suppress_if_bull_raw_provider_branch_rc_spa_fails,long,1,98676.09375,93530.2265625,-0.05214907676156366,0.0018,-0.053949076761563665,2024,source_panel_daily_asof,yf_btc,btc_crossvenue,2,0.0002070811425314532
board-b-provider-raw-daily-consensus/v1,20260511T212329+0800-codex-board-b-provider-raw-daily-consensus-v1,ProviderRawDailyConsensusV1,btc_crossvenue_carry,BTC/USD,1d,ProviderRawDailyConsensusV1:btc_crossvenue_carry:BTC/USD:1d:yf_btc:736,2025-01-06T00:00:00+00:00,2025-01-11T00:00:00+00:00,2025-01-06,^IXIC,Bull,0.9797225384,0.6,16.040000915527344,component_pass_from_205047_not_rescored_here,RawProviderConsensusRiskOn,CrossVenueMomentum,provider_raw_daily_consensus,ProviderRawDailyConsensusV1:btc_crossvenue_carry,Bull -> RawProviderConsensusRiskOn -> CrossVenueMomentum -> ProviderRawDailyConsensusV1:btc_crossvenue_carry,board-b-provider-raw-daily-consensus/v1,1d_hold_5,long_research_only_until_branch_rc_spa_passes,suppress_if_bull_raw_provider_branch_rc_spa_fails,long,1,102078.0859375,94566.59375,-0.07358574681836327,0.0018,-0.07538574681836327,2025,source_panel_daily_asof,yf_btc,btc_crossvenue,4,0.0006981950461771238
board-b-provider-raw-daily-consensus/v1,20260511T212329+0800-codex-board-b-provider-raw-daily-consensus-v1,ProviderRawDailyConsensusV1,btc_crossvenue_carry,BTC/USD,1d,ProviderRawDailyConsensusV1:btc_crossvenue_carry:BTC/USD:1d:yf_btc:751,2025-01-21T00:00:00+00:00,2025-01-26T00:00:00+00:00,2025-01-21,^IXIC,Bull,0.9797225384,0.6,15.0600004196167,component_pass_from_205047_not_rescored_here,RawProviderConsensusRiskOn,CrossVenueMomentum,provider_raw_daily_consensus,ProviderRawDailyConsensusV1:btc_crossvenue_carry,Bull -> RawProviderConsensusRiskOn -> CrossVenueMomentum -> ProviderRawDailyConsensusV1:btc_crossvenue_carry,board-b-provider-raw-daily-consensus/v1,1d_hold_5,long_research_only_until_branch_rc_spa_passes,suppress_if_bull_raw_provider_branch_rc_spa_fails,long,1,106146.265625,102682.5,-0.03263200645453701,0.0018,-0.03443200645453701,2025,source_panel_daily_asof,yf_btc,btc_crossvenue,4,0.0001150192435464935
board-b-provider-raw-daily-consensus/v1,20260511T212329+0800-codex-board-b-provider-raw-daily-consensus-v1,ProviderRawDailyConsensusV1,btc_crossvenue_carry,BTC/USD,1d,ProviderRawDailyConsensusV1:btc_crossvenue_carry:BTC/USD:1d:yf_btc:760,2025-01-30T00:00:00+00:00,2025-02-04T00:00:00+00:00,2025-01-30,^IXIC,Bull,0.9797225384,0.6,15.84000015258789,component_pass_from_205047_not_rescored_here,RawProviderConsensusRiskOn,CrossVenueMomentum,provider_raw_daily_consensus,ProviderRawDailyConsensusV1:btc_crossvenue_carry,Bull -> RawProviderConsensusRiskOn -> CrossVenueMomentum -> ProviderRawDailyConsensusV1:btc_crossvenue_carry,board-b-provider-raw-daily-consensus/v1,1d_hold_5,long_research_only_until_branch_rc_spa_passes,suppress_if_bull_raw_provider_branch_rc_spa_fails,long,1,104735.3046875,97871.8203125,-0.06553171727030027,0.0018,-0.06733171727030027,2025,source_panel_daily_asof,yf_btc,btc_crossvenue,4,0.0002678195323553804
board-b-provider-raw-daily-consensus/v1,20260511T212329+0800-codex-board-b-provider-raw-daily-consensus-v1,ProviderRawDailyConsensusV1,btc_crossvenue_carry,BTC/USD,1d,ProviderRawDailyConsensusV1:btc_crossvenue_carry:BTC/USD:1d:yf_btc:852,2025-05-02T00:00:00+00:00,2025-05-07T00:00:00+00:00,2025-05-02,^IXIC,Bull,0.9797225384,0.222,22.68000030517578,component_pass_from_205047_not_rescored_here,RawProviderConsensusRiskOn,CrossVenueMomentum,provider_raw_daily_consensus,ProviderRawDailyConsensusV1:btc_crossvenue_carry,Bull -> RawProviderConsensusRiskOn -> CrossVenueMomentum -> ProviderRawDailyConsensusV1:btc_crossvenue_carry,board-b-provider-raw-daily-consensus/v1,1d_hold_5,long_research_only_until_branch_rc_spa_passes,suppress_if_bull_raw_provider_branch_rc_spa_fails,long,1,96910.0703125,97032.3203125,0.0012614788081959372,0.0018,-0.0005385211918040628,2025,source_panel_daily_asof,yf_btc,btc_crossvenue,4,0.0004009046279861136
board-b-provider-raw-daily-consensus/v1,20260511T212329+0800-codex-board-b-provider-raw-daily-consensus-v1,ProviderRawDailyConsensusV1,btc_crossvenue_carry,BTC/USD,1d,ProviderRawDailyConsensusV1:btc_crossvenue_carry:BTC/USD:1d:yf_btc:859,2025-05-09T00:00:00+00:00,2025-05-14T00:00:00+00:00,2025-05-09,^IXIC,Bull,0.9797225384,0.667,21.899999618530273,component_pass_from_205047_not_rescored_here,RawProviderConsensusRiskOn,CrossVenueMomentum,provider_raw_daily_consensus,ProviderRawDailyConsensusV1:btc_crossvenue_carry,Bull -> RawProviderConsensusRiskOn -> CrossVenueMomentum -> ProviderRawDailyConsensusV1:btc_crossvenue_carry,board-b-provider-raw-daily-consensus/v1,1d_hold_5,long_research_only_until_branch_rc_spa_passes,suppress_if_bull_raw_provider_branch_rc_spa_fails,long,1,102970.8515625,103539.4140625,0.0055215868507692,0.0018,0.0037215868507692,2025,source_panel_daily_asof,yf_btc,btc_crossvenue,4,0.00020575383982511015
board-b-provider-raw-daily-consensus/v1,20260511T212329+0800-codex-board-b-provider-raw-daily-consensus-v1,ProviderRawDailyConsensusV1,btc_crossvenue_carry,BTC/USD,1d,ProviderRawDailyConsensusV1:btc_crossvenue_carry:BTC/USD:1d:yf_btc:867,2025-05-17T00:00:00+00:00,2025-05-22T00:00:00+00:00,2025-05-17,^IXIC,Bull,0.9797225384,0.8,17.239999771118164,component_pass_from_205047_not_rescored_here,RawProviderConsensusRiskOn,CrossVenueMomentum,provider_raw_daily_consensus,ProviderRawDailyConsensusV1:btc_crossvenue_carry,Bull -> RawProviderConsensusRiskOn -> CrossVenueMomentum -> ProviderRawDailyConsensusV1:btc_crossvenue_carry,board-b-provider-raw-daily-consensus/v1,1d_hold_5,long_research_only_until_branch_rc_spa_passes,suppress_if_bull_raw_provider_branch_rc_spa_fails,long,1,103191.0859375,111673.28125,0.08219891510432831,0.0018,0.08039891510432831,2025,source_panel_daily_asof,yf_btc,btc_crossvenue,4,0.00047084299368549865
board-b-provider-raw-daily-consensus/v1,20260511T212329+0800-codex-board-b-provider-raw-daily-consensus-v1,ProviderRawDailyConsensusV1,btc_crossvenue_carry,BTC/USD,1d,ProviderRawDailyConsensusV1:btc_crossvenue_carry:BTC/USD:1d:yf_btc:873,2025-05-23T00:00:00+00:00,2025-05-28T00:00:00+00:00,2025-05-23,^IXIC,Bull,0.9797225384,0.6,22.290000915527344,component_pass_from_205047_not_rescored_here,RawProviderConsensusRiskOn,CrossVenueMomentum,provider_raw_daily_consensus,ProviderRawDailyConsensusV1:btc_crossvenue_carry,Bull -> RawProviderConsensusRiskOn -> CrossVenueMomentum -> ProviderRawDailyConsensusV1:btc_crossvenue_carry,board-b-provider-raw-daily-consensus/v1,1d_hold_5,long_research_only_until_branch_rc_spa_passes,suppress_if_bull_raw_provider_branch_rc_spa_fails,long,1,107287.796875,107802.328125,0.0047958040428350834,0.0018,0.0029958040428350835,2025,source_panel_daily_asof,yf_btc,btc_crossvenue,4,0.00024813812401710845
board-b-provider-raw-daily-consensus/v1,20260511T212329+0800-codex-board-b-provider-raw-daily-consensus-v1,ProviderRawDailyConsensusV1,btc_crossvenue_carry,BTC/USD,1d,ProviderRawDailyConsensusV1:btc_crossvenue_carry:BTC/USD:1d:yf_btc:889,2025-06-08T00:00:00+00:00,2025-06-13T00:00:00+00:00,2025-06-08,^IXIC,Bull,0.9797225384,0.6,16.770000457763672,component_pass_from_205047_not_rescored_here,RawProviderConsensusRiskOn,CrossVenueMomentum,provider_raw_daily_consensus,ProviderRawDailyConsensusV1:btc_crossvenue_carry,Bull -> RawProviderConsensusRiskOn -> CrossVenueMomentum -> ProviderRawDailyConsensusV1:btc_crossvenue_carry,board-b-provider-raw-daily-consensus/v1,1d_hold_5,long_research_only_until_branch_rc_spa_passes,suppress_if_bull_raw_provider_branch_rc_spa_fails,long,1,105793.6484375,106090.96875,0.002810379610602487,0.0018,0.001010379610602487,2025,source_panel_daily_asof,yf_btc,btc_crossvenue,4,0.00048500603580261463
board-b-provider-raw-daily-consensus/v1,20260511T212329+0800-codex-board-b-provider-raw-daily-consensus-v1,ProviderRawDailyConsensusV1,btc_crossvenue_carry,BTC/USD,1d,ProviderRawDailyConsensusV1:btc_crossvenue_carry:BTC/USD:1d:yf_btc:905,2025-06-24T00:00:00+00:00,2025-06-29T00:00:00+00:00,2025-06-24,^IXIC,Bull,0.9797225384,0.6,17.479999542236328,component_pass_from_205047_not_rescored_here,RawProviderConsensusRiskOn,CrossVenueMomentum,provider_raw_daily_consensus,ProviderRawDailyConsensusV1:btc_crossvenue_carry,Bull -> RawProviderConsensusRiskOn -> CrossVenueMomentum -> ProviderRawDailyConsensusV1:btc_crossvenue_carry,board-b-provider-raw-daily-consensus/v1,1d_hold_5,long_research_only_until_branch_rc_spa_passes,suppress_if_bull_raw_provider_branch_rc_spa_fails,long,1,106045.6328125,108385.5703125,0.022065382967135116,0.0018,0.020265382967135117,2025,source_panel_daily_asof,yf_btc,btc_crossvenue,4,0.0002508040599242748
board-b-provider-raw-daily-consensus/v1,20260511T212329+0800-codex-board-b-provider-raw-daily-consensus-v1,ProviderRawDailyConsensusV1,btc_crossvenue_carry,BTC/USD,1d,ProviderRawDailyConsensusV1:btc_crossvenue_carry:BTC/USD:1d:yf_btc:913,2025-07-02T00:00:00+00:00,2025-07-07T00:00:00+00:00,2025-07-02,^IXIC,Bull,0.9797225384,0.833,16.639999389648438,component_pass_from_205047_not_rescored_here,RawProviderConsensusRiskOn,CrossVenueMomentum,provider_raw_daily_consensus,ProviderRawDailyConsensusV1:btc_crossvenue_carry,Bull -> RawProviderConsensusRiskOn -> CrossVenueMomentum -> ProviderRawDailyConsensusV1:btc_crossvenue_carry,board-b-provider-raw-daily-consensus/v1,1d_hold_5,long_research_only_until_branch_rc_spa_passes,suppress_if_bull_raw_provider_branch_rc_spa_fails,long,1,108859.3203125,108299.8515625,-0.005139373903804922,0.0018,-0.006939373903804922,2025,source_panel_daily_asof,yf_btc,btc_crossvenue,4,0.00023008733663085722
board-b-provider-raw-daily-consensus/v1,20260511T212329+0800-codex-board-b-provider-raw-daily-consensus-v1,ProviderRawDailyConsensusV1,btc_crossvenue_carry,BTC/USD,1d,ProviderRawDailyConsensusV1:btc_crossvenue_carry:BTC/USD:1d:yf_btc:920,2025-07-09T00:00:00+00:00,2025-07-14T00:00:00+00:00,2025-07-09,^IXIC,Bull,0.9797225384,1.0,15.9399995803833,component_pass_from_205047_not_rescored_here,RawProviderConsensusRiskOn,CrossVenueMomentum,provider_raw_daily_consensus,ProviderRawDailyConsensusV1:btc_crossvenue_carry,Bull -> RawProviderConsensusRiskOn -> CrossVenueMomentum -> ProviderRawDailyConsensusV1:btc_crossvenue_carry,board-b-provider-raw-daily-consensus/v1,1d_hold_5,long_research_only_until_branch_rc_spa_passes,suppress_if_bull_raw_provider_branch_rc_spa_fails,long,1,111326.5546875,119849.703125,0.07655988691489624,0.0018,0.07475988691489624,2025,source_panel_daily_asof,yf_btc,btc_crossvenue,4,0.0005433218925179736
board-b-provider-raw-daily-consensus/v1,20260511T212329+0800-codex-board-b-provider-raw-daily-consensus-v1,ProviderRawDailyConsensusV1,btc_crossvenue_carry,BTC/USD,1d,ProviderRawDailyConsensusV1:btc_crossvenue_carry:BTC/USD:1d:yf_btc:926,2025-07-15T00:00:00+00:00,2025-07-20T00:00:00+00:00,2025-07-15,^IXIC,Bull,0.9797225384,1.0,17.3799991607666,component_pass_from_205047_not_rescored_here,RawProviderConsensusRiskOn,CrossVenueMomentum,provider_raw_daily_consensus,ProviderRawDailyConsensusV1:btc_crossvenue_carry,Bull -> RawProviderConsensusRiskOn -> CrossVenueMomentum -> ProviderRawDailyConsensusV1:btc_crossvenue_carry,board-b-provider-raw-daily-consensus/v1,1d_hold_5,long_research_only_until_branch_rc_spa_passes,suppress_if_bull_raw_provider_branch_rc_spa_fails,long,1,117777.1875,117300.7890625,-0.004044912666130718,0.0018,-0.005844912666130717,2025,source_panel_daily_asof,yf_btc,btc_crossvenue,4,0.00013722972088705323
board-b-provider-raw-daily-consensus/v1,20260511T212329+0800-codex-board-b-provider-raw-daily-consensus-v1,ProviderRawDailyConsensusV1,btc_crossvenue_carry,BTC/USD,1d,ProviderRawDailyConsensusV1:btc_crossvenue_carry:BTC/USD:1d:yf_btc:933,2025-07-22T00:00:00+00:00,2025-07-27T00:00:00+00:00,2025-07-22,^IXIC,Bull,0.9797225384,1.0,16.5,component_pass_from_205047_not_rescored_here,RawProviderConsensusRiskOn,CrossVenueMomentum,provider_raw_daily_consensus,ProviderRawDailyConsensusV1:btc_crossvenue_carry,Bull -> RawProviderConsensusRiskOn -> CrossVenueMomentum -> ProviderRawDailyConsensusV1:btc_crossvenue_carry,board-b-provider-raw-daily-consensus/v1,1d_hold_5,long_research_only_until_branch_rc_spa_passes,suppress_if_bull_raw_provider_branch_rc_spa_fails,long,1,119995.4140625,119448.4921875,-0.004557856475374433,0.0018,-0.006357856475374433,2025,source_panel_daily_asof,yf_btc,btc_crossvenue,4,0.00031533123237456357
board-b-provider-raw-daily-consensus/v1,20260511T212329+0800-codex-board-b-provider-raw-daily-consensus-v1,ProviderRawDailyConsensusV1,btc_crossvenue_carry,BTC/USD,1d,ProviderRawDailyConsensusV1:btc_crossvenue_carry:BTC/USD:1d:yf_btc:941,2025-07-30T00:00:00+00:00,2025-08-04T00:00:00+00:00,2025-07-30,^IXIC,Bull,0.9797225384,0.8,15.479999542236328,component_pass_from_205047_not_rescored_here,RawProviderConsensusRiskOn,CrossVenueMomentum,provider_raw_daily_consensus,ProviderRawDailyConsensusV1:btc_crossvenue_carry,Bull -> RawProviderConsensusRiskOn -> CrossVenueMomentum -> ProviderRawDailyConsensusV1:btc_crossvenue_carry,board-b-provider-raw-daily-consensus/v1,1d_hold_5,long_research_only_until_branch_rc_spa_passes,suppress_if_bull_raw_provider_branch_rc_spa_fails,long,1,117831.1875,115071.8828125,-0.02341743935577323,0.0018,-0.025217439355773228,2025,source_panel_daily_asof,yf_btc,btc_crossvenue,4,0.00021928105971965778
board-b-provider-raw-daily-consensus/v1,20260511T212329+0800-codex-board-b-provider-raw-daily-consensus-v1,ProviderRawDailyConsensusV1,btc_crossvenue_carry,BTC/USD,1d,ProviderRawDailyConsensusV1:btc_crossvenue_carry:BTC/USD:1d:yf_btc:949,2025-08-07T00:00:00+00:00,2025-08-12T00:00:00+00:00,2025-08-07,^IXIC,Bull,0.9797225384,0.6,16.56999969482422,component_pass_from_205047_not_rescored_here,RawProviderConsensusRiskOn,CrossVenueMomentum,provider_raw_daily_consensus,ProviderRawDailyConsensusV1:btc_crossvenue_carry,Bull -> RawProviderConsensusRiskOn -> CrossVenueMomentum -> ProviderRawDailyConsensusV1:btc_crossvenue_carry,board-b-provider-raw-daily-consensus/v1,1d_hold_5,long_research_only_until_branch_rc_spa_passes,suppress_if_bull_raw_provider_branch_rc_spa_fails,long,1,117496.8984375,120172.90625,0.022775135753250852,0.0018,0.020975135753250853,2025,source_panel_daily_asof,yf_btc,btc_crossvenue,4,0.0003927832314655282
board-b-provider-raw-daily-consensus/v1,20260511T212329+0800-codex-board-b-provider-raw-daily-consensus-v1,ProviderRawDailyConsensusV1,btc_crossvenue_carry,BTC/USD,1d,ProviderRawDailyConsensusV1:btc_crossvenue_carry:BTC/USD:1d:yf_btc:955,2025-08-13T00:00:00+00:00,2025-08-18T00:00:00+00:00,2025-08-13,^IXIC,Bull,0.9797225384,0.6,14.489999771118164,component_pass_from_205047_not_rescored_here,RawProviderConsensusRiskOn,CrossVenueMomentum,provider_raw_daily_consensus,ProviderRawDailyConsensusV1:btc_crossvenue_carry,Bull -> RawProviderConsensusRiskOn -> CrossVenueMomentum -> ProviderRawDailyConsensusV1:btc_crossvenue_carry,board-b-provider-raw-daily-consensus/v1,1d_hold_5,long_research_only_until_branch_rc_spa_passes,suppress_if_bull_raw_provider_branch_rc_spa_fails,long,1,123344.0625,116252.3125,-0.057495673940527126,0.0018,-0.05929567394052713,2025,source_panel_daily_asof,yf_btc,btc_crossvenue,4,0.00017507154598087106
board-b-provider-raw-daily-consensus/v1,20260511T212329+0800-codex-board-b-provider-raw-daily-consensus-v1,ProviderRawDailyConsensusV1,btc_crossvenue_carry,BTC/USD,1d,ProviderRawDailyConsensusV1:btc_crossvenue_carry:BTC/USD:1d:yf_btc:981,2025-09-08T00:00:00+00:00,2025-09-13T00:00:00+00:00,2025-09-08,^IXIC,Bull,0.9797225384,0.6,15.109999656677246,component_pass_from_205047_not_rescored_here,RawProviderConsensusRiskOn,CrossVenueMomentum,provider_raw_daily_consensus,ProviderRawDailyConsensusV1:btc_crossvenue_carry,Bull -> RawProviderConsensusRiskOn -> CrossVenueMomentum -> ProviderRawDailyConsensusV1:btc_crossvenue_carry,board-b-provider-raw-daily-consensus/v1,1d_hold_5,long_research_only_until_branch_rc_spa_passes,suppress_if_bull_raw_provider_branch_rc_spa_fails,long,1,112071.4296875,115950.5078125,0.03461255143988451,0.0018,0.032812551439884506,2025,source_panel_daily_asof,yf_btc,btc_crossvenue,4,0.00024099932489533602
board-b-provider-raw-daily-consensus/v1,20260511T212329+0800-codex-board-b-provider-raw-daily-consensus-v1,ProviderRawDailyConsensusV1,btc_crossvenue_carry,BTC/USD,1d,ProviderRawDailyConsensusV1:btc_crossvenue_carry:BTC/USD:1d:yf_btc:987,2025-09-14T00:00:00+00:00,2025-09-19T00:00:00+00:00,2025-09-14,^IXIC,Bull,0.9797225384,0.8,14.760000228881836,component_pass_from_205047_not_rescored_here,RawProviderConsensusRiskOn,CrossVenueMomentum,provider_raw_daily_consensus,ProviderRawDailyConsensusV1:btc_crossvenue_carry,Bull -> RawProviderConsensusRiskOn -> CrossVenueMomentum -> ProviderRawDailyConsensusV1:btc_crossvenue_carry,board-b-provider-raw-daily-consensus/v1,1d_hold_5,long_research_only_until_branch_rc_spa_passes,suppress_if_bull_raw_provider_branch_rc_spa_fails,long,1,115407.65625,115688.859375,0.002436607190001716,0.0018,0.0006366071900017162,2025,source_panel_daily_asof,yf_btc,btc_crossvenue,4,0.0008152754532582859
board-b-provider-raw-daily-consensus/v1,20260511T212329+0800-codex-board-b-provider-raw-daily-consensus-v1,ProviderRawDailyConsensusV1,btc_crossvenue_carry,BTC/USD,1d,ProviderRawDailyConsensusV1:btc_crossvenue_carry:BTC/USD:1d:yf_btc:993,2025-09-20T00:00:00+00:00,2025-09-25T00:00:00+00:00,2025-09-20,^IXIC,Bull,0.9797225384,1.0,15.449999809265137,component_pass_from_205047_not_rescored_here,RawProviderConsensusRiskOn,CrossVenueMomentum,provider_raw_daily_consensus,ProviderRawDailyConsensusV1:btc_crossvenue_carry,Bull -> RawProviderConsensusRiskOn -> CrossVenueMomentum -> ProviderRawDailyConsensusV1:btc_crossvenue_carry,board-b-provider-raw-daily-consensus/v1,1d_hold_5,long_research_only_until_branch_rc_spa_passes,suppress_if_bull_raw_provider_branch_rc_spa_fails,long,1,115721.9609375,109049.2890625,-0.05766124096880654,0.0018,-0.05946124096880654,2025,source_panel_daily_asof,yf_btc,btc_crossvenue,4,0.0004211619450187793
board-b-provider-raw-daily-consensus/v1,20260511T212329+0800-codex-board-b-provider-raw-daily-consensus-v1,ProviderRawDailyConsensusV1,btc_crossvenue_carry,BTC/USD,1d,ProviderRawDailyConsensusV1:btc_crossvenue_carry:BTC/USD:1d:yf_btc:1002,2025-09-29T00:00:00+00:00,2025-10-04T00:00:00+00:00,2025-09-29,^IXIC,Bull,0.9797225384,1.0,16.1200008392334,component_pass_from_205047_not_rescored_here,RawProviderConsensusRiskOn,CrossVenueMomentum,provider_raw_daily_consensus,ProviderRawDailyConsensusV1:btc_crossvenue_carry,Bull -> RawProviderConsensusRiskOn -> CrossVenueMomentum -> ProviderRawDailyConsensusV1:btc_crossvenue_carry,board-b-provider-raw-daily-consensus/v1,1d_hold_5,long_research_only_until_branch_rc_spa_passes,suppress_if_bull_raw_provider_branch_rc_spa_fails,long,1,114400.3828125,122425.4296875,0.07014877640884198,0.0018,0.06834877640884199,2025,source_panel_daily_asof,yf_btc,btc_crossvenue,4,0.0005685136824625679
board-b-provider-raw-daily-consensus/v1,20260511T212329+0800-codex-board-b-provider-raw-daily-consensus-v1,ProviderRawDailyConsensusV1,btc_crossvenue_carry,BTC/USD,1d,ProviderRawDailyConsensusV1:btc_crossvenue_carry:BTC/USD:1d:yf_btc:1008,2025-10-05T00:00:00+00:00,2025-10-10T00:00:00+00:00,2025-10-05,^IXIC,Bull,0.9797225384,0.6,16.649999618530273,component_pass_from_205047_not_rescored_here,RawProviderConsensusRiskOn,CrossVenueMomentum,provider_raw_daily_consensus,ProviderRawDailyConsensusV1:btc_crossvenue_carry,Bull -> RawProviderConsensusRiskOn -> CrossVenueMomentum -> ProviderRawDailyConsensusV1:btc_crossvenue_carry,board-b-provider-raw-daily-consensus/v1,1d_hold_5,long_research_only_until_branch_rc_spa_passes,suppress_if_bull_raw_provider_branch_rc_spa_fails,long,1,123513.4765625,113214.3671875,-0.08338449909786538,0.0018,-0.08518449909786538,2025,source_panel_daily_asof,yf_btc,btc_crossvenue,4,0.0003282778109451256
board-b-provider-raw-daily-consensus/v1,20260511T212329+0800-codex-board-b-provider-raw-daily-consensus-v1,ProviderRawDailyConsensusV1,btc_crossvenue_carry,BTC/USD,1d,ProviderRawDailyConsensusV1:btc_crossvenue_carry:BTC/USD:1d:yf_btc:1029,2025-10-26T00:00:00+00:00,2025-10-31T00:00:00+00:00,2025-10-26,^IXIC,Bull,0.9797225384,0.6,16.3700008392334,component_pass_from_205047_not_rescored_here,RawProviderConsensusRiskOn,CrossVenueMomentum,provider_raw_daily_consensus,ProviderRawDailyConsensusV1:btc_crossvenue_carry,Bull -> RawProviderConsensusRiskOn -> CrossVenueMomentum -> ProviderRawDailyConsensusV1:btc_crossvenue_carry,board-b-provider-raw-daily-consensus/v1,1d_hold_5,long_research_only_until_branch_rc_spa_passes,suppress_if_bull_raw_provider_branch_rc_spa_fails,long,1,114472.4453125,109556.1640625,-0.04294728951215265,0.0018,-0.044747289512152656,2025,source_panel_daily_asof,yf_btc,btc_crossvenue,4,0.0003184013447596923
board-b-provider-raw-daily-consensus/v1,20260511T212329+0800-codex-board-b-provider-raw-daily-consensus-v1,ProviderRawDailyConsensusV1,btc_crossvenue_carry,BTC/USD,1d,ProviderRawDailyConsensusV1:btc_crossvenue_carry:BTC/USD:1d:yf_btc:1067,2025-12-03T00:00:00+00:00,2025-12-08T00:00:00+00:00,2025-12-03,^IXIC,Bull,0.9797225384,0.6,16.079999923706055,component_pass_from_205047_not_rescored_here,RawProviderConsensusRiskOn,CrossVenueMomentum,provider_raw_daily_consensus,ProviderRawDailyConsensusV1:btc_crossvenue_carry,Bull -> RawProviderConsensusRiskOn -> CrossVenueMomentum -> ProviderRawDailyConsensusV1:btc_crossvenue_carry,board-b-provider-raw-daily-consensus/v1,1d_hold_5,long_research_only_until_branch_rc_spa_passes,suppress_if_bull_raw_provider_branch_rc_spa_fails,long,1,93527.8046875,90640.203125,-0.030874257897405055,0.0018,-0.03267425789740506,2025,source_panel_daily_asof,yf_btc,btc_crossvenue,4,0.0006208687588890584
board-b-provider-raw-daily-consensus/v1,20260511T212329+0800-codex-board-b-provider-raw-daily-consensus-v1,ProviderRawDailyConsensusV1,btc_crossvenue_carry,BTC/USD,1d,ProviderRawDailyConsensusV1:btc_crossvenue_carry:BTC/USD:1d:yf_btc:1073,2025-12-09T00:00:00+00:00,2025-12-14T00:00:00+00:00,2025-12-09,^IXIC,Bull,0.9797225384,0.8,16.93000030517578,component_pass_from_205047_not_rescored_here,RawProviderConsensusRiskOn,CrossVenueMomentum,provider_raw_daily_consensus,ProviderRawDailyConsensusV1:btc_crossvenue_carry,Bull -> RawProviderConsensusRiskOn -> CrossVenueMomentum -> ProviderRawDailyConsensusV1:btc_crossvenue_carry,board-b-provider-raw-daily-consensus/v1,1d_hold_5,long_research_only_until_branch_rc_spa_passes,suppress_if_bull_raw_provider_branch_rc_spa_fails,long,1,92691.7109375,88175.1796875,-0.04872637697933313,0.0018,-0.05052637697933313,2025,source_panel_daily_asof,yf_btc,btc_crossvenue,4,0.0003131557013040205
board-b-provider-raw-daily-consensus/v1,20260511T212329+0800-codex-board-b-provider-raw-daily-consensus-v1,ProviderRawDailyConsensusV1,provider_breakdown_short,BTC/USD,1d,ProviderRawDailyConsensusV1:provider_breakdown_short:BTC/USD:1d:yf_btc:68,2023-03-10T00:00:00+00:00,2023-03-15T00:00:00+00:00,2023-03-10,^IXIC,Bear,0.963920242,0.5,24.799999237060547,component_pass_from_205047_not_rescored_here,RawProviderRiskOff,DefensiveOrBreakdown,provider_raw_daily_consensus,ProviderRawDailyConsensusV1:provider_breakdown_short,Bear -> RawProviderRiskOff -> DefensiveOrBreakdown -> ProviderRawDailyConsensusV1:provider_breakdown_short,board-b-provider-raw-daily-consensus/v1,1d_hold_5,short_or_defensive_research_only_until_branch_rc_spa_passes,suppress_if_bear_raw_provider_branch_rc_spa_fails,short,-1,20187.244140625,24375.9609375,-0.2074932451253011,0.0018,-0.2092932451253011,2023,source_panel_daily_asof,yf_btc,btc_crossvenue,1,0.0
board-b-provider-raw-daily-consensus/v1,20260511T212329+0800-codex-board-b-provider-raw-daily-consensus-v1,ProviderRawDailyConsensusV1,provider_breakdown_short,BTC/USD,1d,ProviderRawDailyConsensusV1:provider_breakdown_short:BTC/USD:1d:yf_btc:227,2023-08-16T00:00:00+00:00,2023-08-21T00:00:00+00:00,2023-08-16,^IXIC,Bear,0.963920242,0.5,16.780000686645508,component_pass_from_205047_not_rescored_here,RawProviderRiskOff,DefensiveOrBreakdown,provider_raw_daily_consensus,ProviderRawDailyConsensusV1:provider_breakdown_short,Bear -> RawProviderRiskOff -> DefensiveOrBreakdown -> ProviderRawDailyConsensusV1:provider_breakdown_short,board-b-provider-raw-daily-consensus/v1,1d_hold_5,short_or_defensive_research_only_until_branch_rc_spa_passes,suppress_if_bear_raw_provider_branch_rc_spa_fails,short,-1,28701.779296875,26124.140625,0.08980762639184703,0.0018,0.08800762639184703,2023,source_panel_daily_asof,yf_btc,btc_crossvenue,1,0.0
board-b-provider-raw-daily-consensus/v1,20260511T212329+0800-codex-board-b-provider-raw-daily-consensus-v1,ProviderRawDailyConsensusV1,provider_breakdown_short,BTC/USD,1d,ProviderRawDailyConsensusV1:provider_breakdown_short:BTC/USD:1d:yf_btc:236,2023-08-25T00:00:00+00:00,2023-08-30T00:00:00+00:00,2023-08-25,^IXIC,Bear,0.963920242,0.5,15.68000030517578,component_pass_from_205047_not_rescored_here,RawProviderRiskOff,DefensiveOrBreakdown,provider_raw_daily_consensus,ProviderRawDailyConsensusV1:provider_breakdown_short,Bear -> RawProviderRiskOff -> DefensiveOrBreakdown -> ProviderRawDailyConsensusV1:provider_breakdown_short,board-b-provider-raw-daily-consensus/v1,1d_hold_5,short_or_defensive_research_only_until_branch_rc_spa_passes,suppress_if_bear_raw_provider_branch_rc_spa_fails,short,-1,26047.66796875,27297.265625,-0.04797349450819066,0.0018,-0.049773494508190665,2023,source_panel_daily_asof,yf_btc,btc_crossvenue,1,0.0
board-b-provider-raw-daily-consensus/v1,20260511T212329+0800-codex-board-b-provider-raw-daily-consensus-v1,ProviderRawDailyConsensusV1,provider_breakdown_short,BTC/USD,1d,ProviderRawDailyConsensusV1:provider_breakdown_short:BTC/USD:1d:yf_btc:269,2023-09-27T00:00:00+00:00,2023-10-02T00:00:00+00:00,2023-09-27,^IXIC,Bear,0.963920242,0.667,18.219999313354492,component_pass_from_205047_not_rescored_here,RawProviderRiskOff,DefensiveOrBreakdown,provider_raw_daily_consensus,ProviderRawDailyConsensusV1:provider_breakdown_short,Bear -> RawProviderRiskOff -> DefensiveOrBreakdown -> ProviderRawDailyConsensusV1:provider_breakdown_short,board-b-provider-raw-daily-consensus/v1,1d_hold_5,short_or_defensive_research_only_until_branch_rc_spa_passes,suppress_if_bear_raw_provider_branch_rc_spa_fails,short,-1,26352.716796875,27530.78515625,-0.04470386747808486,0.0018,-0.04650386747808486,2023,source_panel_daily_asof,yf_btc,btc_crossvenue,1,0.0
board-b-provider-raw-daily-consensus/v1,20260511T212329+0800-codex-board-b-provider-raw-daily-consensus-v1,ProviderRawDailyConsensusV1,provider_breakdown_short,BTC/USD,1d,ProviderRawDailyConsensusV1:provider_breakdown_short:BTC/USD:1d:yf_btc:474,2024-04-19T00:00:00+00:00,2024-04-24T00:00:00+00:00,2024-04-19,^IXIC,Bear,0.963920242,0.6,18.709999084472656,component_pass_from_205047_not_rescored_here,RawProviderRiskOff,DefensiveOrBreakdown,provider_raw_daily_consensus,ProviderRawDailyConsensusV1:provider_breakdown_short,Bear -> RawProviderRiskOff -> DefensiveOrBreakdown -> ProviderRawDailyConsensusV1:provider_breakdown_short,board-b-provider-raw-daily-consensus/v1,1d_hold_5,short_or_defensive_research_only_until_branch_rc_spa_passes,suppress_if_bear_raw_provider_branch_rc_spa_fails,short,-1,63843.5703125,64276.8984375,-0.006787341667750635,0.0018,-0.008587341667750634,2024,source_panel_daily_asof,yf_btc,btc_crossvenue,1,0.0
board-b-provider-raw-daily-consensus/v1,20260511T212329+0800-codex-board-b-provider-raw-daily-consensus-v1,ProviderRawDailyConsensusV1,provider_breakdown_short,BTC/USD,1d,ProviderRawDailyConsensusV1:provider_breakdown_short:BTC/USD:1d:yf_btc:579,2024-08-02T00:00:00+00:00,2024-08-07T00:00:00+00:00,2024-08-02,^IXIC,Bear,0.963920242,0.667,23.38999938964844,component_pass_from_205047_not_rescored_here,RawProviderRiskOff,DefensiveOrBreakdown,provider_raw_daily_consensus,ProviderRawDailyConsensusV1:provider_breakdown_short,Bear -> RawProviderRiskOff -> DefensiveOrBreakdown -> ProviderRawDailyConsensusV1:provider_breakdown_short,board-b-provider-raw-daily-consensus/v1,1d_hold_5,short_or_defensive_research_only_until_branch_rc_spa_passes,suppress_if_bear_raw_provider_branch_rc_spa_fails,short,-1,61415.06640625,55027.4609375,0.10400714095946917,0.0018,0.10220714095946917,2024,source_panel_daily_asof,yf_btc,btc_crossvenue,2,5.94862917633939e-05
board-b-provider-raw-daily-consensus/v1,20260511T212329+0800-codex-board-b-provider-raw-daily-consensus-v1,ProviderRawDailyConsensusV1,provider_breakdown_short,BTC/USD,1d,ProviderRawDailyConsensusV1:provider_breakdown_short:BTC/USD:1d:yf_btc:586,2024-08-09T00:00:00+00:00,2024-08-14T00:00:00+00:00,2024-08-09,^IXIC,Bear,0.963920242,0.5,20.3700008392334,component_pass_from_205047_not_rescored_here,RawProviderRiskOff,DefensiveOrBreakdown,provider_raw_daily_consensus,ProviderRawDailyConsensusV1:provider_breakdown_short,Bear -> RawProviderRiskOff -> DefensiveOrBreakdown -> ProviderRawDailyConsensusV1:provider_breakdown_short,board-b-provider-raw-daily-consensus/v1,1d_hold_5,short_or_defensive_research_only_until_branch_rc_spa_passes,suppress_if_bear_raw_provider_branch_rc_spa_fails,short,-1,60880.11328125,58737.26953125,0.035197762200287475,0.0018,0.03339776220028747,2024,source_panel_daily_asof,yf_btc,btc_crossvenue,2,0.00023481101827847484
board-b-provider-raw-daily-consensus/v1,20260511T212329+0800-codex-board-b-provider-raw-daily-consensus-v1,ProviderRawDailyConsensusV1,provider_breakdown_short,BTC/USD,1d,ProviderRawDailyConsensusV1:provider_breakdown_short:BTC/USD:1d:yf_btc:788,2025-02-27T00:00:00+00:00,2025-03-04T00:00:00+00:00,2025-02-27,^IXIC,Bear,0.963920242,0.6,21.1299991607666,component_pass_from_205047_not_rescored_here,RawProviderRiskOff,DefensiveOrBreakdown,provider_raw_daily_consensus,ProviderRawDailyConsensusV1:provider_breakdown_short,Bear -> RawProviderRiskOff -> DefensiveOrBreakdown -> ProviderRawDailyConsensusV1:provider_breakdown_short,board-b-provider-raw-daily-consensus/v1,1d_hold_5,short_or_defensive_research_only_until_branch_rc_spa_passes,suppress_if_bear_raw_provider_branch_rc_spa_fails,short,-1,84704.2265625,87222.1953125,-0.029726601046785817,0.0018,-0.03152660104678582,2025,source_panel_daily_asof,yf_btc,btc_crossvenue,4,0.00012522177476721264
board-b-provider-raw-daily-consensus/v1,20260511T212329+0800-codex-board-b-provider-raw-daily-consensus-v1,ProviderRawDailyConsensusV1,provider_breakdown_short,BTC/USD,1d,ProviderRawDailyConsensusV1:provider_breakdown_short:BTC/USD:1d:yf_btc:795,2025-03-06T00:00:00+00:00,2025-03-11T00:00:00+00:00,2025-03-06,^IXIC,Bear,0.963920242,0.667,24.8700008392334,component_pass_from_205047_not_rescored_here,RawProviderRiskOff,DefensiveOrBreakdown,provider_raw_daily_consensus,ProviderRawDailyConsensusV1:provider_breakdown_short,Bear -> RawProviderRiskOff -> DefensiveOrBreakdown -> ProviderRawDailyConsensusV1:provider_breakdown_short,board-b-provider-raw-daily-consensus/v1,1d_hold_5,short_or_defensive_research_only_until_branch_rc_spa_passes,suppress_if_bear_raw_provider_branch_rc_spa_fails,short,-1,89961.7265625,82862.2109375,0.078917067249345,0.0018,0.077117067249345,2025,source_panel_daily_asof,yf_btc,btc_crossvenue,4,0.0002930706651113378
board-b-provider-raw-daily-consensus/v1,20260511T212329+0800-codex-board-b-provider-raw-daily-consensus-v1,ProviderRawDailyConsensusV1,provider_breakdown_short,BTC/USD,1d,ProviderRawDailyConsensusV1:provider_breakdown_short:BTC/USD:1d:yf_btc:801,2025-03-12T00:00:00+00:00,2025-03-17T00:00:00+00:00,2025-03-12,^IXIC,Bear,0.963920242,0.667,24.229999542236328,component_pass_from_205047_not_rescored_here,RawProviderRiskOff,DefensiveOrBreakdown,provider_raw_daily_consensus,ProviderRawDailyConsensusV1:provider_breakdown_short,Bear -> RawProviderRiskOff -> DefensiveOrBreakdown -> ProviderRawDailyConsensusV1:provider_breakdown_short,board-b-provider-raw-daily-consensus/v1,1d_hold_5,short_or_defensive_research_only_until_branch_rc_spa_passes,suppress_if_bear_raw_provider_branch_rc_spa_fails,short,-1,83722.359375,84075.6875,-0.004220236118972931,0.0018,-0.0060202361189729305,2025,source_panel_daily_asof,yf_btc,btc_crossvenue,4,0.0003608750902449848
board-b-provider-raw-daily-consensus/v1,20260511T212329+0800-codex-board-b-provider-raw-daily-consensus-v1,ProviderRawDailyConsensusV1,provider_breakdown_short,BTC/USD,1d,ProviderRawDailyConsensusV1:provider_breakdown_short:BTC/USD:1d:yf_btc:807,2025-03-18T00:00:00+00:00,2025-03-23T00:00:00+00:00,2025-03-18,^IXIC,Bear,0.963920242,0.5,21.700000762939453,component_pass_from_205047_not_rescored_here,RawProviderRiskOff,DefensiveOrBreakdown,provider_raw_daily_consensus,ProviderRawDailyConsensusV1:provider_breakdown_short,Bear -> RawProviderRiskOff -> DefensiveOrBreakdown -> ProviderRawDailyConsensusV1:provider_breakdown_short,board-b-provider-raw-daily-consensus/v1,1d_hold_5,short_or_defensive_research_only_until_branch_rc_spa_passes,suppress_if_bear_raw_provider_branch_rc_spa_fails,short,-1,82718.5,86054.375,-0.040328040281194744,0.0018,-0.04212804028119475,2025,source_panel_daily_asof,yf_btc,btc_crossvenue,4,0.0002350945683270938
board-b-provider-raw-daily-consensus/v1,20260511T212329+0800-codex-board-b-provider-raw-daily-consensus-v1,ProviderRawDailyConsensusV1,provider_breakdown_short,BTC/USD,1d,ProviderRawDailyConsensusV1:provider_breakdown_short:BTC/USD:1d:yf_btc:818,2025-03-29T00:00:00+00:00,2025-04-03T00:00:00+00:00,2025-03-29,^IXIC,Bear,0.963920242,0.5,21.649999618530273,component_pass_from_205047_not_rescored_here,RawProviderRiskOff,DefensiveOrBreakdown,provider_raw_daily_consensus,ProviderRawDailyConsensusV1:provider_breakdown_short,Bear -> RawProviderRiskOff -> DefensiveOrBreakdown -> ProviderRawDailyConsensusV1:provider_breakdown_short,board-b-provider-raw-daily-consensus/v1,1d_hold_5,short_or_defensive_research_only_until_branch_rc_spa_passes,suppress_if_bear_raw_provider_branch_rc_spa_fails,short,-1,82597.5859375,83102.828125,-0.006116912277343234,0.0018,-0.007916912277343233,2025,source_panel_daily_asof,yf_btc,btc_crossvenue,4,0.0002750822556837318
board-b-provider-raw-daily-consensus/v1,20260511T212329+0800-codex-board-b-provider-raw-daily-consensus-v1,ProviderRawDailyConsensusV1,provider_breakdown_short,BTC/USD,1d,ProviderRawDailyConsensusV1:provider_breakdown_short:BTC/USD:1d:yf_btc:824,2025-04-04T00:00:00+00:00,2025-04-09T00:00:00+00:00,2025-04-04,^IXIC,Bear,0.963920242,0.444,45.310001373291016,component_pass_from_205047_not_rescored_here,RawProviderRiskOff,DefensiveOrBreakdown,provider_raw_daily_consensus,ProviderRawDailyConsensusV1:provider_breakdown_short,Bear -> RawProviderRiskOff -> DefensiveOrBreakdown -> ProviderRawDailyConsensusV1:provider_breakdown_short,board-b-provider-raw-daily-consensus/v1,1d_hold_5,short_or_defensive_research_only_until_branch_rc_spa_passes,suppress_if_bear_raw_provider_branch_rc_spa_fails,short,-1,83843.8046875,82573.953125,0.015145442972595902,0.0018,0.013345442972595902,2025,source_panel_daily_asof,yf_btc,btc_crossvenue,4,0.00026884507505618005
board-b-provider-raw-daily-consensus/v1,20260511T212329+0800-codex-board-b-provider-raw-daily-consensus-v1,ProviderRawDailyConsensusV1,provider_breakdown_short,BTC/USD,1d,ProviderRawDailyConsensusV1:provider_breakdown_short:BTC/USD:1d:yf_btc:830,2025-04-10T00:00:00+00:00,2025-04-15T00:00:00+00:00,2025-04-10,^IXIC,Bear,0.963920242,0.5,40.720001220703125,component_pass_from_205047_not_rescored_here,RawProviderRiskOff,DefensiveOrBreakdown,provider_raw_daily_consensus,ProviderRawDailyConsensusV1:provider_breakdown_short,Bear -> RawProviderRiskOff -> DefensiveOrBreakdown -> ProviderRawDailyConsensusV1:provider_breakdown_short,board-b-provider-raw-daily-consensus/v1,1d_hold_5,short_or_defensive_research_only_until_branch_rc_spa_passes,suppress_if_bear_raw_provider_branch_rc_spa_fails,short,-1,79626.140625,83668.9921875,-0.0507729186767929,0.0018,-0.0525729186767929,2025,source_panel_daily_asof,yf_btc,btc_crossvenue,4,0.00046033018736731964
board-b-provider-raw-daily-consensus/v1,20260511T212329+0800-codex-board-b-provider-raw-daily-consensus-v1,ProviderRawDailyConsensusV1,failed_reclaim_short,BTC/USD,1d,ProviderRawDailyConsensusV1:failed_reclaim_short:BTC/USD:1d:yf_btc:815,2025-03-26T00:00:00+00:00,2025-03-30T00:00:00+00:00,2025-03-26,^IXIC,Bear,0.963920242,0.5,18.329999923706055,component_pass_from_205047_not_rescored_here,RawProviderRiskOff,DefensiveOrBreakdown,provider_raw_daily_consensus,ProviderRawDailyConsensusV1:failed_reclaim_short,Bear -> RawProviderRiskOff -> DefensiveOrBreakdown -> ProviderRawDailyConsensusV1:failed_reclaim_short,board-b-provider-raw-daily-consensus/v1,1d_hold_4,short_or_defensive_research_only_until_branch_rc_spa_passes,suppress_if_bear_raw_provider_branch_rc_spa_fails,short,-1,86900.8828125,82334.5234375,0.05254675473035775,0.0018,0.050746754730357745,2025,source_panel_daily_asof,yf_btc,btc_crossvenue,4,0.0002481720753763048
board-b-provider-raw-daily-consensus/v1,20260511T212329+0800-codex-board-b-provider-raw-daily-consensus-v1,ProviderRawDailyConsensusV1,dispersion_reversion,BTC/USD,1d,ProviderRawDailyConsensusV1:dispersion_reversion:BTC/USD:1d:yf_btc:61,2023-03-03T00:00:00+00:00,2023-03-06T00:00:00+00:00,2023-03-03,^IXIC,Sideways,0.9529358324,0.5,18.489999771118164,component_pass_from_205047_not_rescored_here,RawProviderRange,DispersionReversion,provider_raw_daily_consensus,ProviderRawDailyConsensusV1:dispersion_reversion,Sideways -> RawProviderRange -> DispersionReversion -> ProviderRawDailyConsensusV1:dispersion_reversion,board-b-provider-raw-daily-consensus/v1,1d_hold_3,long_short_research_only_until_branch_rc_spa_passes,suppress_if_sideways_raw_provider_branch_rc_spa_fails,long,1,22362.6796875,22429.7578125,0.0029995566692972986,0.0018,0.0011995566692972986,2023,source_panel_daily_asof,yf_btc,btc_crossvenue,1,0.0
board-b-provider-raw-daily-consensus/v1,20260511T212329+0800-codex-board-b-provider-raw-daily-consensus-v1,ProviderRawDailyConsensusV1,dispersion_reversion,BTC/USD,1d,ProviderRawDailyConsensusV1:dispersion_reversion:BTC/USD:1d:yf_btc:72,2023-03-14T00:00:00+00:00,2023-03-17T00:00:00+00:00,2023-03-14,^IXIC,Sideways,0.9529358324,0.5,23.729999542236328,component_pass_from_205047_not_rescored_here,RawProviderRange,DispersionReversion,provider_raw_daily_consensus,ProviderRawDailyConsensusV1:dispersion_reversion,Sideways -> RawProviderRange -> DispersionReversion -> ProviderRawDailyConsensusV1:dispersion_reversion,board-b-provider-raw-daily-consensus/v1,1d_hold_3,long_short_research_only_until_branch_rc_spa_passes,suppress_if_sideways_raw_provider_branch_rc_spa_fails,short,-1,24746.07421875,27423.9296875,-0.10821334507762037,0.0018,-0.11001334507762037,2023,source_panel_daily_asof,yf_btc,btc_crossvenue,1,0.0
board-b-provider-raw-daily-consensus/v1,20260511T212329+0800-codex-board-b-provider-raw-daily-consensus-v1,ProviderRawDailyConsensusV1,dispersion_reversion,BTC/USD,1d,ProviderRawDailyConsensusV1:dispersion_reversion:BTC/USD:1d:yf_btc:260,2023-09-18T00:00:00+00:00,2023-09-21T00:00:00+00:00,2023-09-18,^IXIC,Sideways,0.9529358324,0.6,14.0,component_pass_from_205047_not_rescored_here,RawProviderRange,DispersionReversion,provider_raw_daily_consensus,ProviderRawDailyConsensusV1:dispersion_reversion,Sideways -> RawProviderRange -> DispersionReversion -> ProviderRawDailyConsensusV1:dispersion_reversion,board-b-provider-raw-daily-consensus/v1,1d_hold_3,long_short_research_only_until_branch_rc_spa_passes,suppress_if_sideways_raw_provider_branch_rc_spa_fails,short,-1,26754.28125,26567.6328125,0.006976395133021951,0.0018,0.005176395133021951,2023,source_panel_daily_asof,yf_btc,btc_crossvenue,1,0.0
board-b-provider-raw-daily-consensus/v1,20260511T212329+0800-codex-board-b-provider-raw-daily-consensus-v1,ProviderRawDailyConsensusV1,dispersion_reversion,BTC/USD,1d,ProviderRawDailyConsensusV1:dispersion_reversion:BTC/USD:1d:yf_btc:288,2023-10-16T00:00:00+00:00,2023-10-19T00:00:00+00:00,2023-10-16,^IXIC,Sideways,0.9529358324,0.8,17.209999084472656,component_pass_from_205047_not_rescored_here,RawProviderRange,DispersionReversion,provider_raw_daily_consensus,ProviderRawDailyConsensusV1:dispersion_reversion,Sideways -> RawProviderRange -> DispersionReversion -> ProviderRawDailyConsensusV1:dispersion_reversion,board-b-provider-raw-daily-consensus/v1,1d_hold_3,long_short_research_only_until_branch_rc_spa_passes,suppress_if_sideways_raw_provider_branch_rc_spa_fails,short,-1,28519.466796875,28719.806640625,-0.007024670032468983,0.0018,-0.008824670032468982,2023,source_panel_daily_asof,yf_btc,btc_crossvenue,1,0.0
board-b-provider-raw-daily-consensus/v1,20260511T212329+0800-codex-board-b-provider-raw-daily-consensus-v1,ProviderRawDailyConsensusV1,dispersion_reversion,BTC/USD,1d,ProviderRawDailyConsensusV1:dispersion_reversion:BTC/USD:1d:yf_btc:470,2024-04-15T00:00:00+00:00,2024-04-18T00:00:00+00:00,2024-04-15,^IXIC,Sideways,0.9529358324,1.0,19.229999542236328,component_pass_from_205047_not_rescored_here,RawProviderRange,DispersionReversion,provider_raw_daily_consensus,ProviderRawDailyConsensusV1:dispersion_reversion,Sideways -> RawProviderRange -> DispersionReversion -> ProviderRawDailyConsensusV1:dispersion_reversion,board-b-provider-raw-daily-consensus/v1,1d_hold_3,long_short_research_only_until_branch_rc_spa_passes,suppress_if_sideways_raw_provider_branch_rc_spa_fails,long,1,63426.2109375,63512.75390625,0.001364466952554988,0.0018,-0.000435533047445012,2024,source_panel_daily_asof,yf_btc,btc_crossvenue,1,0.0
board-b-provider-raw-daily-consensus/v1,20260511T212329+0800-codex-board-b-provider-raw-daily-consensus-v1,ProviderRawDailyConsensusV1,dispersion_reversion,BTC/USD,1d,ProviderRawDailyConsensusV1:dispersion_reversion:BTC/USD:1d:yf_btc:485,2024-04-30T00:00:00+00:00,2024-05-03T00:00:00+00:00,2024-04-30,^IXIC,Sideways,0.9529358324,1.0,15.649999618530272,component_pass_from_205047_not_rescored_here,RawProviderRange,DispersionReversion,provider_raw_daily_consensus,ProviderRawDailyConsensusV1:dispersion_reversion,Sideways -> RawProviderRange -> DispersionReversion -> ProviderRawDailyConsensusV1:dispersion_reversion,board-b-provider-raw-daily-consensus/v1,1d_hold_3,long_short_research_only_until_branch_rc_spa_passes,suppress_if_sideways_raw_provider_branch_rc_spa_fails,long,1,60636.85546875,62889.8359375,0.037155298561138306,0.0018,0.0353552985611383,2024,source_panel_daily_asof,yf_btc,btc_crossvenue,1,0.0
board-b-provider-raw-daily-consensus/v1,20260511T212329+0800-codex-board-b-provider-raw-daily-consensus-v1,ProviderRawDailyConsensusV1,dispersion_reversion,BTC/USD,1d,ProviderRawDailyConsensusV1:dispersion_reversion:BTC/USD:1d:yf_btc:625,2024-09-17T00:00:00+00:00,2024-09-20T00:00:00+00:00,2024-09-17,^IXIC,Sideways,0.9529358324,0.6,17.610000610351562,component_pass_from_205047_not_rescored_here,RawProviderRange,DispersionReversion,provider_raw_daily_consensus,ProviderRawDailyConsensusV1:dispersion_reversion,Sideways -> RawProviderRange -> DispersionReversion -> ProviderRawDailyConsensusV1:dispersion_reversion,board-b-provider-raw-daily-consensus/v1,1d_hold_3,long_short_research_only_until_branch_rc_spa_passes,suppress_if_sideways_raw_provider_branch_rc_spa_fails,short,-1,60308.5390625,63192.9765625,-0.047828011502828005,0.0018,-0.04962801150282801,2024,source_panel_daily_asof,yf_btc,btc_crossvenue,2,0.00010154064439769751
board-b-provider-raw-daily-consensus/v1,20260511T212329+0800-codex-board-b-provider-raw-daily-consensus-v1,ProviderRawDailyConsensusV1,dispersion_reversion,BTC/USD,1d,ProviderRawDailyConsensusV1:dispersion_reversion:BTC/USD:1d:yf_btc:739,2025-01-09T00:00:00+00:00,2025-01-12T00:00:00+00:00,2025-01-09,^IXIC,Sideways,0.9529358324,0.6,17.700000762939453,component_pass_from_205047_not_rescored_here,RawProviderRange,DispersionReversion,provider_raw_daily_consensus,ProviderRawDailyConsensusV1:dispersion_reversion,Sideways -> RawProviderRange -> DispersionReversion -> ProviderRawDailyConsensusV1:dispersion_reversion,board-b-provider-raw-daily-consensus/v1,1d_hold_3,long_short_research_only_until_branch_rc_spa_passes,suppress_if_sideways_raw_provider_branch_rc_spa_fails,long,1,92484.0390625,94488.4375,0.021672911972901998,0.0018,0.019872911972902,2025,source_panel_daily_asof,yf_btc,btc_crossvenue,4,0.00032019624548813933
board-b-provider-raw-daily-consensus/v1,20260511T212329+0800-codex-board-b-provider-raw-daily-consensus-v1,ProviderRawDailyConsensusV1,dispersion_reversion,BTC/USD,1d,ProviderRawDailyConsensusV1:dispersion_reversion:BTC/USD:1d:yf_btc:745,2025-01-15T00:00:00+00:00,2025-01-18T00:00:00+00:00,2025-01-15,^IXIC,Sideways,0.9529358324,0.6,16.1200008392334,component_pass_from_205047_not_rescored_here,RawProviderRange,DispersionReversion,provider_raw_daily_consensus,ProviderRawDailyConsensusV1:dispersion_reversion,Sideways -> RawProviderRange -> DispersionReversion -> ProviderRawDailyConsensusV1:dispersion_reversion,board-b-provider-raw-daily-consensus/v1,1d_hold_3,long_short_research_only_until_branch_rc_spa_passes,suppress_if_sideways_raw_provider_branch_rc_spa_fails,short,-1,100504.4921875,104408.0703125,-0.03883983730515772,0.0018,-0.040639837305157724,2025,source_panel_daily_asof,yf_btc,btc_crossvenue,4,0.0001749505138218344
board-b-provider-raw-daily-consensus/v1,20260511T212329+0800-codex-board-b-provider-raw-daily-consensus-v1,ProviderRawDailyConsensusV1,dispersion_reversion,BTC/USD,1d,ProviderRawDailyConsensusV1:dispersion_reversion:BTC/USD:1d:yf_btc:766,2025-02-05T00:00:00+00:00,2025-02-08T00:00:00+00:00,2025-02-05,^IXIC,Sideways,0.9529358324,0.6,15.770000457763672,component_pass_from_205047_not_rescored_here,RawProviderRange,DispersionReversion,provider_raw_daily_consensus,ProviderRawDailyConsensusV1:dispersion_reversion,Sideways -> RawProviderRange -> DispersionReversion -> ProviderRawDailyConsensusV1:dispersion_reversion,board-b-provider-raw-daily-consensus/v1,1d_hold_3,long_short_research_only_until_branch_rc_spa_passes,suppress_if_sideways_raw_provider_branch_rc_spa_fails,long,1,96615.4453125,96482.453125,-0.0013765106300533958,0.0018,-0.0031765106300533958,2025,source_panel_daily_asof,yf_btc,btc_crossvenue,4,0.00025703039754381763
board-b-provider-raw-daily-consensus/v1,20260511T212329+0800-codex-board-b-provider-raw-daily-consensus-v1,ProviderRawDailyConsensusV1,dispersion_reversion,BTC/USD,1d,ProviderRawDailyConsensusV1:dispersion_reversion:BTC/USD:1d:yf_btc:785,2025-02-24T00:00:00+00:00,2025-02-27T00:00:00+00:00,2025-02-24,^IXIC,Sideways,0.9529358324,1.0,18.979999542236328,component_pass_from_205047_not_rescored_here,RawProviderRange,DispersionReversion,provider_raw_daily_consensus,ProviderRawDailyConsensusV1:dispersion_reversion,Sideways -> RawProviderRange -> DispersionReversion -> ProviderRawDailyConsensusV1:dispersion_reversion,board-b-provider-raw-daily-consensus/v1,1d_hold_3,long_short_research_only_until_branch_rc_spa_passes,suppress_if_sideways_raw_provider_branch_rc_spa_fails,long,1,91418.171875,84704.2265625,-0.07344213053921345,0.0018,-0.07524213053921344,2025,source_panel_daily_asof,yf_btc,btc_crossvenue,4,0.000664255395979569
board-b-provider-raw-daily-consensus/v1,20260511T212329+0800-codex-board-b-provider-raw-daily-consensus-v1,ProviderRawDailyConsensusV1,dispersion_reversion,BTC/USD,1d,ProviderRawDailyConsensusV1:dispersion_reversion:BTC/USD:1d:yf_btc:814,2025-03-25T00:00:00+00:00,2025-03-28T00:00:00+00:00,2025-03-25,^IXIC,Sideways,0.9529358324,0.75,17.149999618530273,component_pass_from_205047_not_rescored_here,RawProviderRange,DispersionReversion,provider_raw_daily_consensus,ProviderRawDailyConsensusV1:dispersion_reversion,Sideways -> RawProviderRange -> DispersionReversion -> ProviderRawDailyConsensusV1:dispersion_reversion,board-b-provider-raw-daily-consensus/v1,1d_hold_3,long_short_research_only_until_branch_rc_spa_passes,suppress_if_sideways_raw_provider_branch_rc_spa_fails,short,-1,87471.703125,84353.1484375,0.03565215465215621,0.0018,0.033852154652156206,2025,source_panel_daily_asof,yf_btc,btc_crossvenue,4,0.0005969946520161731
board-b-provider-raw-daily-consensus/v1,20260511T212329+0800-codex-board-b-provider-raw-daily-consensus-v1,ProviderRawDailyConsensusV1,dispersion_reversion,BTC/USD,1d,ProviderRawDailyConsensusV1:dispersion_reversion:BTC/USD:1d:yf_btc:901,2025-06-20T00:00:00+00:00,2025-06-23T00:00:00+00:00,2025-06-20,^IXIC,Sideways,0.9529358324,0.75,20.6200008392334,component_pass_from_205047_not_rescored_here,RawProviderRange,DispersionReversion,provider_raw_daily_consensus,ProviderRawDailyConsensusV1:dispersion_reversion,Sideways -> RawProviderRange -> DispersionReversion -> ProviderRawDailyConsensusV1:dispersion_reversion,board-b-provider-raw-daily-consensus/v1,1d_hold_3,long_short_research_only_until_branch_rc_spa_passes,suppress_if_sideways_raw_provider_branch_rc_spa_fails,long,1,103309.6015625,105577.7734375,0.021955092660267406,0.0018,0.020155092660267406,2025,source_panel_daily_asof,yf_btc,btc_crossvenue,4,0.0002799770760014356
board-b-provider-raw-daily-consensus/v1,20260511T212329+0800-codex-board-b-provider-raw-daily-consensus-v1,ProviderRawDailyConsensusV1,dispersion_reversion,BTC/USD,1d,ProviderRawDailyConsensusV1:dispersion_reversion:BTC/USD:1d:yf_btc:1065,2025-12-01T00:00:00+00:00,2025-12-04T00:00:00+00:00,2025-12-01,^IXIC,Sideways,0.9529358324,0.6,17.239999771118164,component_pass_from_205047_not_rescored_here,RawProviderRange,DispersionReversion,provider_raw_daily_consensus,ProviderRawDailyConsensusV1:dispersion_reversion,Sideways -> RawProviderRange -> DispersionReversion -> ProviderRawDailyConsensusV1:dispersion_reversion,board-b-provider-raw-daily-consensus/v1,1d_hold_3,long_short_research_only_until_branch_rc_spa_passes,suppress_if_sideways_raw_provider_branch_rc_spa_fails,long,1,86321.5703125,92141.625,0.06742294731699539,0.0018,0.06562294731699539,2025,source_panel_daily_asof,yf_btc,btc_crossvenue,4,0.0003786011532655985
board-b-provider-raw-daily-consensus/v1,20260511T212329+0800-codex-board-b-provider-raw-daily-consensus-v1,ProviderRawDailyConsensusV1,dispersion_reversion,BTC/USD,1d,ProviderRawDailyConsensusV1:dispersion_reversion:BTC/USD:1d:yf_btc:1079,2025-12-15T00:00:00+00:00,2025-12-18T00:00:00+00:00,2025-12-15,^IXIC,Sideways,0.9529358324,0.75,16.5,component_pass_from_205047_not_rescored_here,RawProviderRange,DispersionReversion,provider_raw_daily_consensus,ProviderRawDailyConsensusV1:dispersion_reversion,Sideways -> RawProviderRange -> DispersionReversion -> ProviderRawDailyConsensusV1:dispersion_reversion,board-b-provider-raw-daily-consensus/v1,1d_hold_3,long_short_research_only_until_branch_rc_spa_passes,suppress_if_sideways_raw_provider_branch_rc_spa_fails,long,1,86419.78125,85462.5078125,-0.011077017595436223,0.0018,-0.012877017595436222,2025,source_panel_daily_asof,yf_btc,btc_crossvenue,4,0.0002265604024716939
board-b-provider-raw-daily-consensus/v1,20260511T212329+0800-codex-board-b-provider-raw-daily-consensus-v1,ProviderRawDailyConsensusV1,crisis_tail_short,BTC/USD,1d,ProviderRawDailyConsensusV1:crisis_tail_short:BTC/USD:1d:yf_btc:39,2023-02-09T00:00:00+00:00,2023-02-14T00:00:00+00:00,2023-02-09,^IXIC,Crisis,0.9619059575,0.333,20.709999084472656,component_pass_from_205047_not_rescored_here,RawProviderStress,TailShortOrDefensiveReversal,provider_raw_daily_consensus,ProviderRawDailyConsensusV1:crisis_tail_short,Crisis -> RawProviderStress -> TailShortOrDefensiveReversal -> ProviderRawDailyConsensusV1:crisis_tail_short,board-b-provider-raw-daily-consensus/v1,1d_hold_5,short_or_defensive_research_only_until_branch_rc_spa_passes,tail_guard_blocks_raw_provider_branch_if_rc_spa_fails,short,-1,21819.0390625,22220.8046875,-0.018413534338022508,0.0018,-0.020213534338022508,2023,source_panel_daily_asof,yf_btc,btc_crossvenue,1,0.0
board-b-provider-raw-daily-consensus/v1,20260511T212329+0800-codex-board-b-provider-raw-daily-consensus-v1,ProviderRawDailyConsensusV1,crisis_panic_reversal,BTC/USD,1d,ProviderRawDailyConsensusV1:crisis_panic_reversal:BTC/USD:1d:yf_btc:41,2023-02-11T00:00:00+00:00,2023-02-14T00:00:00+00:00,2023-02-11,^IXIC,Crisis,0.9619059575,0.333,20.530000686645508,component_pass_from_205047_not_rescored_here,RawProviderStress,TailShortOrDefensiveReversal,provider_raw_daily_consensus,ProviderRawDailyConsensusV1:crisis_panic_reversal,Crisis -> RawProviderStress -> TailShortOrDefensiveReversal -> ProviderRawDailyConsensusV1:crisis_panic_reversal,board-b-provider-raw-daily-consensus/v1,1d_hold_3,short_or_defensive_research_only_until_branch_rc_spa_passes,tail_guard_blocks_raw_provider_branch_if_rc_spa_fails,long,1,21870.875,22220.8046875,0.015999802819960385,0.0018,0.014199802819960385,2023,source_panel_daily_asof,yf_btc,btc_crossvenue,1,0.0
board-b-provider-raw-daily-consensus/v1,20260511T212329+0800-codex-board-b-provider-raw-daily-consensus-v1,ProviderRawDailyConsensusV1,provider_consensus_momentum,BTC/USDT,1d,ProviderRawDailyConsensusV1:provider_consensus_momentum:BTC/USDT:1d:binance_btc:20,2025-01-21T00:00:00+00:00,2025-01-26T00:00:00+00:00,2025-01-21,^IXIC,Bull,0.9797225384,0.6,15.0600004196167,component_pass_from_205047_not_rescored_here,RawProviderConsensusRiskOn,CrossVenueMomentum,provider_raw_daily_consensus,ProviderRawDailyConsensusV1:provider_consensus_momentum,Bull -> RawProviderConsensusRiskOn -> CrossVenueMomentum -> ProviderRawDailyConsensusV1:provider_consensus_momentum,board-b-provider-raw-daily-consensus/v1,1d_hold_5,long_research_only_until_branch_rc_spa_passes,suppress_if_bull_raw_provider_branch_rc_spa_fails,long,1,106143.82,102620.0,-0.033198541375277446,0.0018,-0.03499854137527745,2025,source_panel_daily_asof,binance_btc,btc_crossvenue,4,0.0001150192435464935
board-b-provider-raw-daily-consensus/v1,20260511T212329+0800-codex-board-b-provider-raw-daily-consensus-v1,ProviderRawDailyConsensusV1,provider_consensus_momentum,BTC/USDT,1d,ProviderRawDailyConsensusV1:provider_consensus_momentum:BTC/USDT:1d:binance_btc:29,2025-01-30T00:00:00+00:00,2025-02-04T00:00:00+00:00,2025-01-30,^IXIC,Bull,0.9797225384,0.6,15.84000015258789,component_pass_from_205047_not_rescored_here,RawProviderConsensusRiskOn,CrossVenueMomentum,provider_raw_daily_consensus,ProviderRawDailyConsensusV1:provider_consensus_momentum,Bull -> RawProviderConsensusRiskOn -> CrossVenueMomentum -> ProviderRawDailyConsensusV1:provider_consensus_momentum,board-b-provider-raw-daily-consensus/v1,1d_hold_5,long_research_only_until_branch_rc_spa_passes,suppress_if_bull_raw_provider_branch_rc_spa_fails,long,1,104722.94,97763.13,-0.0664592686187,0.0018,-0.06825926861869999,2025,source_panel_daily_asof,binance_btc,btc_crossvenue,4,0.0002678195323553804
board-b-provider-raw-daily-consensus/v1,20260511T212329+0800-codex-board-b-provider-raw-daily-consensus-v1,ProviderRawDailyConsensusV1,provider_consensus_momentum,BTC/USDT,1d,ProviderRawDailyConsensusV1:provider_consensus_momentum:BTC/USDT:1d:binance_btc:121,2025-05-02T00:00:00+00:00,2025-05-07T00:00:00+00:00,2025-05-02,^IXIC,Bull,0.9797225384,0.222,22.68000030517578,component_pass_from_205047_not_rescored_here,RawProviderConsensusRiskOn,CrossVenueMomentum,provider_raw_daily_consensus,ProviderRawDailyConsensusV1:provider_consensus_momentum,Bull -> RawProviderConsensusRiskOn -> CrossVenueMomentum -> ProviderRawDailyConsensusV1:provider_consensus_momentum,board-b-provider-raw-daily-consensus/v1,1d_hold_5,long_research_only_until_branch_rc_spa_passes,suppress_if_bull_raw_provider_branch_rc_spa_fails,long,1,96887.14,97030.5,0.0014796597360600128,0.0018,-0.0003203402639399872,2025,source_panel_daily_asof,binance_btc,btc_crossvenue,4,0.0004009046279861136
board-b-provider-raw-daily-consensus/v1,20260511T212329+0800-codex-board-b-provider-raw-daily-consensus-v1,ProviderRawDailyConsensusV1,provider_consensus_momentum,BTC/USDT,1d,ProviderRawDailyConsensusV1:provider_consensus_momentum:BTC/USDT:1d:binance_btc:128,2025-05-09T00:00:00+00:00,2025-05-14T00:00:00+00:00,2025-05-09,^IXIC,Bull,0.9797225384,0.667,21.899999618530273,component_pass_from_205047_not_rescored_here,RawProviderConsensusRiskOn,CrossVenueMomentum,provider_raw_daily_consensus,ProviderRawDailyConsensusV1:provider_consensus_momentum,Bull -> RawProviderConsensusRiskOn -> CrossVenueMomentum -> ProviderRawDailyConsensusV1:provider_consensus_momentum,board-b-provider-raw-daily-consensus/v1,1d_hold_5,long_research_only_until_branch_rc_spa_passes,suppress_if_bull_raw_provider_branch_rc_spa_fails,long,1,102971.99,103507.82,0.00520364809886642,0.0018,0.0034036480988664203,2025,source_panel_daily_asof,binance_btc,btc_crossvenue,4,0.00020575383982511015
board-b-provider-raw-daily-consensus/v1,20260511T212329+0800-codex-board-b-provider-raw-daily-consensus-v1,ProviderRawDailyConsensusV1,provider_consensus_momentum,BTC/USDT,1d,ProviderRawDailyConsensusV1:provider_consensus_momentum:BTC/USDT:1d:binance_btc:134,2025-05-15T00:00:00+00:00,2025-05-20T00:00:00+00:00,2025-05-15,^IXIC,Bull,0.9797225384,0.8,17.829999923706055,component_pass_from_205047_not_rescored_here,RawProviderConsensusRiskOn,CrossVenueMomentum,provider_raw_daily_consensus,ProviderRawDailyConsensusV1:provider_consensus_momentum,Bull -> RawProviderConsensusRiskOn -> CrossVenueMomentum -> ProviderRawDailyConsensusV1:provider_consensus_momentum,board-b-provider-raw-daily-consensus/v1,1d_hold_5,long_research_only_until_branch_rc_spa_passes,suppress_if_bull_raw_provider_branch_rc_spa_fails,long,1,103763.71,106849.99,0.029743346686428307,0.0018,0.027943346686428307,2025,source_panel_daily_asof,binance_btc,btc_crossvenue,4,0.00023960867460369397
board-b-provider-raw-daily-consensus/v1,20260511T212329+0800-codex-board-b-provider-raw-daily-consensus-v1,ProviderRawDailyConsensusV1,provider_consensus_momentum,BTC/USDT,1d,ProviderRawDailyConsensusV1:provider_consensus_momentum:BTC/USDT:1d:binance_btc:140,2025-05-21T00:00:00+00:00,2025-05-26T00:00:00+00:00,2025-05-21,^IXIC,Bull,0.9797225384,0.8,20.8700008392334,component_pass_from_205047_not_rescored_here,RawProviderConsensusRiskOn,CrossVenueMomentum,provider_raw_daily_consensus,ProviderRawDailyConsensusV1:provider_consensus_momentum,Bull -> RawProviderConsensusRiskOn -> CrossVenueMomentum -> ProviderRawDailyConsensusV1:provider_consensus_momentum,board-b-provider-raw-daily-consensus/v1,1d_hold_5,long_research_only_until_branch_rc_spa_passes,suppress_if_bull_raw_provider_branch_rc_spa_fails,long,1,109643.99,109434.79,-0.0019079933154567685,0.0018,-0.0037079933154567685,2025,source_panel_daily_asof,binance_btc,btc_crossvenue,4,0.0002955683729518766
board-b-provider-raw-daily-consensus/v1,20260511T212329+0800-codex-board-b-provider-raw-daily-consensus-v1,ProviderRawDailyConsensusV1,provider_consensus_momentum,BTC/USDT,1d,ProviderRawDailyConsensusV1:provider_consensus_momentum:BTC/USDT:1d:binance_btc:146,2025-05-27T00:00:00+00:00,2025-06-01T00:00:00+00:00,2025-05-27,^IXIC,Bull,0.9797225384,0.8,18.959999084472656,component_pass_from_205047_not_rescored_here,RawProviderConsensusRiskOn,CrossVenueMomentum,provider_raw_daily_consensus,ProviderRawDailyConsensusV1:provider_consensus_momentum,Bull -> RawProviderConsensusRiskOn -> CrossVenueMomentum -> ProviderRawDailyConsensusV1:provider_consensus_momentum,board-b-provider-raw-daily-consensus/v1,1d_hold_5,long_research_only_until_branch_rc_spa_passes,suppress_if_bull_raw_provider_branch_rc_spa_fails,long,1,108938.17,105642.93,-0.03024871814901986,0.0018,-0.03204871814901986,2025,source_panel_daily_asof,binance_btc,btc_crossvenue,4,0.0005933765336845871
board-b-provider-raw-daily-consensus/v1,20260511T212329+0800-codex-board-b-provider-raw-daily-consensus-v1,ProviderRawDailyConsensusV1,provider_consensus_momentum,BTC/USDT,1d,ProviderRawDailyConsensusV1:provider_consensus_momentum:BTC/USDT:1d:binance_btc:152,2025-06-02T00:00:00+00:00,2025-06-07T00:00:00+00:00,2025-06-02,^IXIC,Bull,0.9797225384,0.6,18.36000061035156,component_pass_from_205047_not_rescored_here,RawProviderConsensusRiskOn,CrossVenueMomentum,provider_raw_daily_consensus,ProviderRawDailyConsensusV1:provider_consensus_momentum,Bull -> RawProviderConsensusRiskOn -> CrossVenueMomentum -> ProviderRawDailyConsensusV1:provider_consensus_momentum,board-b-provider-raw-daily-consensus/v1,1d_hold_5,long_research_only_until_branch_rc_spa_passes,suppress_if_bull_raw_provider_branch_rc_spa_fails,long,1,105857.99,105552.15,-0.0028891536670969664,0.0018,-0.004689153667096966,2025,source_panel_daily_asof,binance_btc,btc_crossvenue,4,0.00037094414867534114
board-b-provider-raw-daily-consensus/v1,20260511T212329+0800-codex-board-b-provider-raw-daily-consensus-v1,ProviderRawDailyConsensusV1,provider_consensus_momentum,BTC/USDT,1d,ProviderRawDailyConsensusV1:provider_consensus_momentum:BTC/USDT:1d:binance_btc:158,2025-06-08T00:00:00+00:00,2025-06-13T00:00:00+00:00,2025-06-08,^IXIC,Bull,0.9797225384,0.6,16.770000457763672,component_pass_from_205047_not_rescored_here,RawProviderConsensusRiskOn,CrossVenueMomentum,provider_raw_daily_consensus,ProviderRawDailyConsensusV1:provider_consensus_momentum,Bull -> RawProviderConsensusRiskOn -> CrossVenueMomentum -> ProviderRawDailyConsensusV1:provider_consensus_momentum,board-b-provider-raw-daily-consensus/v1,1d_hold_5,long_research_only_until_branch_rc_spa_passes,suppress_if_bull_raw_provider_branch_rc_spa_fails,long,1,105734.0,106066.59,0.0031455350218472233,0.0018,0.0013455350218472234,2025,source_panel_daily_asof,binance_btc,btc_crossvenue,4,0.00048500603580261463
board-b-provider-raw-daily-consensus/v1,20260511T212329+0800-codex-board-b-provider-raw-daily-consensus-v1,ProviderRawDailyConsensusV1,provider_consensus_momentum,BTC/USDT,1d,ProviderRawDailyConsensusV1:provider_consensus_momentum:BTC/USDT:1d:binance_btc:174,2025-06-24T00:00:00+00:00,2025-06-29T00:00:00+00:00,2025-06-24,^IXIC,Bull,0.9797225384,0.6,17.479999542236328,component_pass_from_205047_not_rescored_here,RawProviderConsensusRiskOn,CrossVenueMomentum,provider_raw_daily_consensus,ProviderRawDailyConsensusV1:provider_consensus_momentum,Bull -> RawProviderConsensusRiskOn -> CrossVenueMomentum -> ProviderRawDailyConsensusV1:provider_consensus_momentum,board-b-provider-raw-daily-consensus/v1,1d_hold_5,long_research_only_until_branch_rc_spa_passes,suppress_if_bull_raw_provider_branch_rc_spa_fails,long,1,106083.0,108356.93,0.021435385500032877,0.0018,0.019635385500032878,2025,source_panel_daily_asof,binance_btc,btc_crossvenue,4,0.0002508040599242748
board-b-provider-raw-daily-consensus/v1,20260511T212329+0800-codex-board-b-provider-raw-daily-consensus-v1,ProviderRawDailyConsensusV1,provider_consensus_momentum,BTC/USDT,1d,ProviderRawDailyConsensusV1:provider_consensus_momentum:BTC/USDT:1d:binance_btc:182,2025-07-02T00:00:00+00:00,2025-07-07T00:00:00+00:00,2025-07-02,^IXIC,Bull,0.9797225384,0.833,16.639999389648438,component_pass_from_205047_not_rescored_here,RawProviderConsensusRiskOn,CrossVenueMomentum,provider_raw_daily_consensus,ProviderRawDailyConsensusV1:provider_consensus_momentum,Bull -> RawProviderConsensusRiskOn -> CrossVenueMomentum -> ProviderRawDailyConsensusV1:provider_consensus_momentum,board-b-provider-raw-daily-consensus/v1,1d_hold_5,long_research_only_until_branch_rc_spa_passes,suppress_if_bull_raw_provider_branch_rc_spa_fails,long,1,108849.6,108262.94,-0.0053896385471329245,0.0018,-0.007189638547132924,2025,source_panel_daily_asof,binance_btc,btc_crossvenue,4,0.00023008733663085722
board-b-provider-raw-daily-consensus/v1,20260511T212329+0800-codex-board-b-provider-raw-daily-consensus-v1,ProviderRawDailyConsensusV1,provider_consensus_momentum,BTC/USDT,1d,ProviderRawDailyConsensusV1:provider_consensus_momentum:BTC/USDT:1d:binance_btc:188,2025-07-08T00:00:00+00:00,2025-07-13T00:00:00+00:00,2025-07-08,^IXIC,Bull,0.9797225384,0.6,16.809999465942383,component_pass_from_205047_not_rescored_here,RawProviderConsensusRiskOn,CrossVenueMomentum,provider_raw_daily_consensus,ProviderRawDailyConsensusV1:provider_consensus_momentum,Bull -> RawProviderConsensusRiskOn -> CrossVenueMomentum -> ProviderRawDailyConsensusV1:provider_consensus_momentum,board-b-provider-raw-daily-consensus/v1,1d_hold_5,long_research_only_until_branch_rc_spa_passes,suppress_if_bull_raw_provider_branch_rc_spa_fails,long,1,108922.98,119086.64,0.09331052088365555,0.0018,0.09151052088365555,2025,source_panel_daily_asof,binance_btc,btc_crossvenue,4,0.0002653414255073585
board-b-provider-raw-daily-consensus/v1,20260511T212329+0800-codex-board-b-provider-raw-daily-consensus-v1,ProviderRawDailyConsensusV1,provider_consensus_momentum,BTC/USDT,1d,ProviderRawDailyConsensusV1:provider_consensus_momentum:BTC/USDT:1d:binance_btc:194,2025-07-14T00:00:00+00:00,2025-07-19T00:00:00+00:00,2025-07-14,^IXIC,Bull,0.9797225384,0.8,17.200000762939453,component_pass_from_205047_not_rescored_here,RawProviderConsensusRiskOn,CrossVenueMomentum,provider_raw_daily_consensus,ProviderRawDailyConsensusV1:provider_consensus_momentum,Bull -> RawProviderConsensusRiskOn -> CrossVenueMomentum -> ProviderRawDailyConsensusV1:provider_consensus_momentum,board-b-provider-raw-daily-consensus/v1,1d_hold_5,long_research_only_until_branch_rc_spa_passes,suppress_if_bull_raw_provider_branch_rc_spa_fails,long,1,119841.18,117840.0,-0.0166986005978913,0.0018,-0.0184986005978913,2025,source_panel_daily_asof,binance_btc,btc_crossvenue,4,5.5822672051864864e-05
board-b-provider-raw-daily-consensus/v1,20260511T212329+0800-codex-board-b-provider-raw-daily-consensus-v1,ProviderRawDailyConsensusV1,provider_consensus_momentum,BTC/USDT,1d,ProviderRawDailyConsensusV1:provider_consensus_momentum:BTC/USDT:1d:binance_btc:200,2025-07-20T00:00:00+00:00,2025-07-25T00:00:00+00:00,2025-07-20,^IXIC,Bull,0.9797225384,1.0,16.40999984741211,component_pass_from_205047_not_rescored_here,RawProviderConsensusRiskOn,CrossVenueMomentum,provider_raw_daily_consensus,ProviderRawDailyConsensusV1:provider_consensus_momentum,Bull -> RawProviderConsensusRiskOn -> CrossVenueMomentum -> ProviderRawDailyConsensusV1:provider_consensus_momentum,board-b-provider-raw-daily-consensus/v1,1d_hold_5,long_research_only_until_branch_rc_spa_passes,suppress_if_bull_raw_provider_branch_rc_spa_fails,long,1,117265.12,117614.31,0.002977782310716215,0.0018,0.001177782310716215,2025,source_panel_daily_asof,binance_btc,btc_crossvenue,4,0.0001920930633049634
board-b-provider-raw-daily-consensus/v1,20260511T212329+0800-codex-board-b-provider-raw-daily-consensus-v1,ProviderRawDailyConsensusV1,provider_consensus_momentum,BTC/USDT,1d,ProviderRawDailyConsensusV1:provider_consensus_momentum:BTC/USDT:1d:binance_btc:206,2025-07-26T00:00:00+00:00,2025-07-31T00:00:00+00:00,2025-07-26,^IXIC,Bull,0.9797225384,0.8,14.93000030517578,component_pass_from_205047_not_rescored_here,RawProviderConsensusRiskOn,CrossVenueMomentum,provider_raw_daily_consensus,ProviderRawDailyConsensusV1:provider_consensus_momentum,Bull -> RawProviderConsensusRiskOn -> CrossVenueMomentum -> ProviderRawDailyConsensusV1:provider_consensus_momentum,board-b-provider-raw-daily-consensus/v1,1d_hold_5,long_research_only_until_branch_rc_spa_passes,suppress_if_bull_raw_provider_branch_rc_spa_fails,long,1,117919.99,115764.08,-0.018282820410686962,0.0018,-0.02008282041068696,2025,source_panel_daily_asof,binance_btc,btc_crossvenue,4,0.00018086071605770277
board-b-provider-raw-daily-consensus/v1,20260511T212329+0800-codex-board-b-provider-raw-daily-consensus-v1,ProviderRawDailyConsensusV1,provider_consensus_momentum,BTC/USDT,1d,ProviderRawDailyConsensusV1:provider_consensus_momentum:BTC/USDT:1d:binance_btc:221,2025-08-10T00:00:00+00:00,2025-08-15T00:00:00+00:00,2025-08-10,^IXIC,Bull,0.9797225384,0.6,15.149999618530272,component_pass_from_205047_not_rescored_here,RawProviderConsensusRiskOn,CrossVenueMomentum,provider_raw_daily_consensus,ProviderRawDailyConsensusV1:provider_consensus_momentum,Bull -> RawProviderConsensusRiskOn -> CrossVenueMomentum -> ProviderRawDailyConsensusV1:provider_consensus_momentum,board-b-provider-raw-daily-consensus/v1,1d_hold_5,long_research_only_until_branch_rc_spa_passes,suppress_if_bull_raw_provider_branch_rc_spa_fails,long,1,119294.01,117342.05,-0.01636259859149669,0.0018,-0.01816259859149669,2025,source_panel_daily_asof,binance_btc,btc_crossvenue,4,0.00012152432962939062
board-b-provider-raw-daily-consensus/v1,20260511T212329+0800-codex-board-b-provider-raw-daily-consensus-v1,ProviderRawDailyConsensusV1,provider_consensus_momentum,BTC/USDT,1d,ProviderRawDailyConsensusV1:provider_consensus_momentum:BTC/USDT:1d:binance_btc:233,2025-08-22T00:00:00+00:00,2025-08-27T00:00:00+00:00,2025-08-22,^IXIC,Bull,0.9797225384,0.6,14.220000267028809,component_pass_from_205047_not_rescored_here,RawProviderConsensusRiskOn,CrossVenueMomentum,provider_raw_daily_consensus,ProviderRawDailyConsensusV1:provider_consensus_momentum,Bull -> RawProviderConsensusRiskOn -> CrossVenueMomentum -> ProviderRawDailyConsensusV1:provider_consensus_momentum,board-b-provider-raw-daily-consensus/v1,1d_hold_5,long_research_only_until_branch_rc_spa_passes,suppress_if_bull_raw_provider_branch_rc_spa_fails,long,1,116935.99,111262.01,-0.04852210170709648,0.0018,-0.05032210170709648,2025,source_panel_daily_asof,binance_btc,btc_crossvenue,4,0.00042499401891445295
board-b-provider-raw-daily-consensus/v1,20260511T212329+0800-codex-board-b-provider-raw-daily-consensus-v1,ProviderRawDailyConsensusV1,provider_consensus_momentum,BTC/USDT,1d,ProviderRawDailyConsensusV1:provider_consensus_momentum:BTC/USDT:1d:binance_btc:252,2025-09-10T00:00:00+00:00,2025-09-15T00:00:00+00:00,2025-09-10,^IXIC,Bull,0.9797225384,0.6,15.350000381469728,component_pass_from_205047_not_rescored_here,RawProviderConsensusRiskOn,CrossVenueMomentum,provider_raw_daily_consensus,ProviderRawDailyConsensusV1:provider_consensus_momentum,Bull -> RawProviderConsensusRiskOn -> CrossVenueMomentum -> ProviderRawDailyConsensusV1:provider_consensus_momentum,board-b-provider-raw-daily-consensus/v1,1d_hold_5,long_research_only_until_branch_rc_spa_passes,suppress_if_bull_raw_provider_branch_rc_spa_fails,long,1,113960.0,115349.71,0.012194717444717451,0.0018,0.010394717444717452,2025,source_panel_daily_asof,binance_btc,btc_crossvenue,4,0.00029100087545262475
board-b-provider-raw-daily-consensus/v1,20260511T212329+0800-codex-board-b-provider-raw-daily-consensus-v1,ProviderRawDailyConsensusV1,provider_consensus_momentum,BTC/USDT,1d,ProviderRawDailyConsensusV1:provider_consensus_momentum:BTC/USDT:1d:binance_btc:258,2025-09-16T00:00:00+00:00,2025-09-21T00:00:00+00:00,2025-09-16,^IXIC,Bull,0.9797225384,0.8,16.360000610351562,component_pass_from_205047_not_rescored_here,RawProviderConsensusRiskOn,CrossVenueMomentum,provider_raw_daily_consensus,ProviderRawDailyConsensusV1:provider_consensus_momentum,Bull -> RawProviderConsensusRiskOn -> CrossVenueMomentum -> ProviderRawDailyConsensusV1:provider_consensus_momentum,board-b-provider-raw-daily-consensus/v1,1d_hold_5,long_research_only_until_branch_rc_spa_passes,suppress_if_bull_raw_provider_branch_rc_spa_fails,long,1,116788.96,115232.29,-0.013328913965840683,0.0018,-0.015128913965840683,2025,source_panel_daily_asof,binance_btc,btc_crossvenue,4,0.000354128286273778
board-b-provider-raw-daily-consensus/v1,20260511T212329+0800-codex-board-b-provider-raw-daily-consensus-v1,ProviderRawDailyConsensusV1,provider_consensus_momentum,BTC/USDT,1d,ProviderRawDailyConsensusV1:provider_consensus_momentum:BTC/USDT:1d:binance_btc:271,2025-09-29T00:00:00+00:00,2025-10-04T00:00:00+00:00,2025-09-29,^IXIC,Bull,0.9797225384,1.0,16.1200008392334,component_pass_from_205047_not_rescored_here,RawProviderConsensusRiskOn,CrossVenueMomentum,provider_raw_daily_consensus,ProviderRawDailyConsensusV1:provider_consensus_momentum,Bull -> RawProviderConsensusRiskOn -> CrossVenueMomentum -> ProviderRawDailyConsensusV1:provider_consensus_momentum,board-b-provider-raw-daily-consensus/v1,1d_hold_5,long_research_only_until_branch_rc_spa_passes,suppress_if_bull_raw_provider_branch_rc_spa_fails,long,1,114311.96,122391.0,0.07067536940141683,0.0018,0.06887536940141684,2025,source_panel_daily_asof,binance_btc,btc_crossvenue,4,0.0005685136824625679
board-b-provider-raw-daily-consensus/v1,20260511T212329+0800-codex-board-b-provider-raw-daily-consensus-v1,ProviderRawDailyConsensusV1,provider_consensus_momentum,BTC/USDT,1d,ProviderRawDailyConsensusV1:provider_consensus_momentum:BTC/USDT:1d:binance_btc:277,2025-10-05T00:00:00+00:00,2025-10-10T00:00:00+00:00,2025-10-05,^IXIC,Bull,0.9797225384,0.6,16.649999618530273,component_pass_from_205047_not_rescored_here,RawProviderConsensusRiskOn,CrossVenueMomentum,provider_raw_daily_consensus,ProviderRawDailyConsensusV1:provider_consensus_momentum,Bull -> RawProviderConsensusRiskOn -> CrossVenueMomentum -> ProviderRawDailyConsensusV1:provider_consensus_momentum,board-b-provider-raw-daily-consensus/v1,1d_hold_5,long_research_only_until_branch_rc_spa_passes,suppress_if_bull_raw_provider_branch_rc_spa_fails,long,1,123482.31,112774.5,-0.08671533598618297,0.0018,-0.08851533598618297,2025,source_panel_daily_asof,binance_btc,btc_crossvenue,4,0.0003282778109451256
board-b-provider-raw-daily-consensus/v1,20260511T212329+0800-codex-board-b-provider-raw-daily-consensus-v1,ProviderRawDailyConsensusV1,provider_pullback_reclaim,BTC/USDT,1d,ProviderRawDailyConsensusV1:provider_pullback_reclaim:BTC/USDT:1d:binance_btc:156,2025-06-06T00:00:00+00:00,2025-06-10T00:00:00+00:00,2025-06-06,^IXIC,Bull,0.9797225384,0.6,16.770000457763672,component_pass_from_205047_not_rescored_here,RawProviderConsensusRiskOn,CrossVenueMomentum,provider_raw_daily_consensus,ProviderRawDailyConsensusV1:provider_pullback_reclaim,Bull -> RawProviderConsensusRiskOn -> CrossVenueMomentum -> ProviderRawDailyConsensusV1:provider_pullback_reclaim,board-b-provider-raw-daily-consensus/v1,1d_hold_4,long_research_only_until_branch_rc_spa_passes,suppress_if_bull_raw_provider_branch_rc_spa_fails,long,1,104288.44,110274.39,0.05739802033667396,0.0018,0.05559802033667396,2025,source_panel_daily_asof,binance_btc,btc_crossvenue,4,0.0007348714929945373
board-b-provider-raw-daily-consensus/v1,20260511T212329+0800-codex-board-b-provider-raw-daily-consensus-v1,ProviderRawDailyConsensusV1,provider_pullback_reclaim,BTC/USDT,1d,ProviderRawDailyConsensusV1:provider_pullback_reclaim:BTC/USDT:1d:binance_btc:214,2025-08-03T00:00:00+00:00,2025-08-07T00:00:00+00:00,2025-08-03,^IXIC,Bull,0.9797225384,0.6,20.3799991607666,component_pass_from_205047_not_rescored_here,RawProviderConsensusRiskOn,CrossVenueMomentum,provider_raw_daily_consensus,ProviderRawDailyConsensusV1:provider_pullback_reclaim,Bull -> RawProviderConsensusRiskOn -> CrossVenueMomentum -> ProviderRawDailyConsensusV1:provider_pullback_reclaim,board-b-provider-raw-daily-consensus/v1,1d_hold_4,long_research_only_until_branch_rc_spa_passes,suppress_if_bull_raw_provider_branch_rc_spa_fails,long,1,114208.8,117472.01,0.028572316669118303,0.0018,0.026772316669118303,2025,source_panel_daily_asof,binance_btc,btc_crossvenue,4,0.00031028111084743695
board-b-provider-raw-daily-consensus/v1,20260511T212329+0800-codex-board-b-provider-raw-daily-consensus-v1,ProviderRawDailyConsensusV1,btc_crossvenue_carry,BTC/USDT,1d,ProviderRawDailyConsensusV1:btc_crossvenue_carry:BTC/USDT:1d:binance_btc:5,2025-01-06T00:00:00+00:00,2025-01-11T00:00:00+00:00,2025-01-06,^IXIC,Bull,0.9797225384,0.6,16.040000915527344,component_pass_from_205047_not_rescored_here,RawProviderConsensusRiskOn,CrossVenueMomentum,provider_raw_daily_consensus,ProviderRawDailyConsensusV1:btc_crossvenue_carry,Bull -> RawProviderConsensusRiskOn -> CrossVenueMomentum -> ProviderRawDailyConsensusV1:btc_crossvenue_carry,board-b-provider-raw-daily-consensus/v1,1d_hold_5,long_research_only_until_branch_rc_spa_passes,suppress_if_bull_raw_provider_branch_rc_spa_fails,long,1,102235.6,94599.99,-0.07468641060452519,0.0018,-0.07648641060452518,2025,source_panel_daily_asof,binance_btc,btc_crossvenue,4,0.0006981950461771238
board-b-provider-raw-daily-consensus/v1,20260511T212329+0800-codex-board-b-provider-raw-daily-consensus-v1,ProviderRawDailyConsensusV1,btc_crossvenue_carry,BTC/USDT,1d,ProviderRawDailyConsensusV1:btc_crossvenue_carry:BTC/USDT:1d:binance_btc:20,2025-01-21T00:00:00+00:00,2025-01-26T00:00:00+00:00,2025-01-21,^IXIC,Bull,0.9797225384,0.6,15.0600004196167,component_pass_from_205047_not_rescored_here,RawProviderConsensusRiskOn,CrossVenueMomentum,provider_raw_daily_consensus,ProviderRawDailyConsensusV1:btc_crossvenue_carry,Bull -> RawProviderConsensusRiskOn -> CrossVenueMomentum -> ProviderRawDailyConsensusV1:btc_crossvenue_carry,board-b-provider-raw-daily-consensus/v1,1d_hold_5,long_research_only_until_branch_rc_spa_passes,suppress_if_bull_raw_provider_branch_rc_spa_fails,long,1,106143.82,102620.0,-0.033198541375277446,0.0018,-0.03499854137527745,2025,source_panel_daily_asof,binance_btc,btc_crossvenue,4,0.0001150192435464935
board-b-provider-raw-daily-consensus/v1,20260511T212329+0800-codex-board-b-provider-raw-daily-consensus-v1,ProviderRawDailyConsensusV1,btc_crossvenue_carry,BTC/USDT,1d,ProviderRawDailyConsensusV1:btc_crossvenue_carry:BTC/USDT:1d:binance_btc:29,2025-01-30T00:00:00+00:00,2025-02-04T00:00:00+00:00,2025-01-30,^IXIC,Bull,0.9797225384,0.6,15.84000015258789,component_pass_from_205047_not_rescored_here,RawProviderConsensusRiskOn,CrossVenueMomentum,provider_raw_daily_consensus,ProviderRawDailyConsensusV1:btc_crossvenue_carry,Bull -> RawProviderConsensusRiskOn -> CrossVenueMomentum -> ProviderRawDailyConsensusV1:btc_crossvenue_carry,board-b-provider-raw-daily-consensus/v1,1d_hold_5,long_research_only_until_branch_rc_spa_passes,suppress_if_bull_raw_provider_branch_rc_spa_fails,long,1,104722.94,97763.13,-0.0664592686187,0.0018,-0.06825926861869999,2025,source_panel_daily_asof,binance_btc,btc_crossvenue,4,0.0002678195323553804
board-b-provider-raw-daily-consensus/v1,20260511T212329+0800-codex-board-b-provider-raw-daily-consensus-v1,ProviderRawDailyConsensusV1,btc_crossvenue_carry,BTC/USDT,1d,ProviderRawDailyConsensusV1:btc_crossvenue_carry:BTC/USDT:1d:binance_btc:121,2025-05-02T00:00:00+00:00,2025-05-07T00:00:00+00:00,2025-05-02,^IXIC,Bull,0.9797225384,0.222,22.68000030517578,component_pass_from_205047_not_rescored_here,RawProviderConsensusRiskOn,CrossVenueMomentum,provider_raw_daily_consensus,ProviderRawDailyConsensusV1:btc_crossvenue_carry,Bull -> RawProviderConsensusRiskOn -> CrossVenueMomentum -> ProviderRawDailyConsensusV1:btc_crossvenue_carry,board-b-provider-raw-daily-consensus/v1,1d_hold_5,long_research_only_until_branch_rc_spa_passes,suppress_if_bull_raw_provider_branch_rc_spa_fails,long,1,96887.14,97030.5,0.0014796597360600128,0.0018,-0.0003203402639399872,2025,source_panel_daily_asof,binance_btc,btc_crossvenue,4,0.0004009046279861136
board-b-provider-raw-daily-consensus/v1,20260511T212329+0800-codex-board-b-provider-raw-daily-consensus-v1,ProviderRawDailyConsensusV1,btc_crossvenue_carry,BTC/USDT,1d,ProviderRawDailyConsensusV1:btc_crossvenue_carry:BTC/USDT:1d:binance_btc:128,2025-05-09T00:00:00+00:00,2025-05-14T00:00:00+00:00,2025-05-09,^IXIC,Bull,0.9797225384,0.667,21.899999618530273,component_pass_from_205047_not_rescored_here,RawProviderConsensusRiskOn,CrossVenueMomentum,provider_raw_daily_consensus,ProviderRawDailyConsensusV1:btc_crossvenue_carry,Bull -> RawProviderConsensusRiskOn -> CrossVenueMomentum -> ProviderRawDailyConsensusV1:btc_crossvenue_carry,board-b-provider-raw-daily-consensus/v1,1d_hold_5,long_research_only_until_branch_rc_spa_passes,suppress_if_bull_raw_provider_branch_rc_spa_fails,long,1,102971.99,103507.82,0.00520364809886642,0.0018,0.0034036480988664203,2025,source_panel_daily_asof,binance_btc,btc_crossvenue,4,0.00020575383982511015
board-b-provider-raw-daily-consensus/v1,20260511T212329+0800-codex-board-b-provider-raw-daily-consensus-v1,ProviderRawDailyConsensusV1,btc_crossvenue_carry,BTC/USDT,1d,ProviderRawDailyConsensusV1:btc_crossvenue_carry:BTC/USDT:1d:binance_btc:136,2025-05-17T00:00:00+00:00,2025-05-22T00:00:00+00:00,2025-05-17,^IXIC,Bull,0.9797225384,0.8,17.239999771118164,component_pass_from_205047_not_rescored_here,RawProviderConsensusRiskOn,CrossVenueMomentum,provider_raw_daily_consensus,ProviderRawDailyConsensusV1:btc_crossvenue_carry,Bull -> RawProviderConsensusRiskOn -> CrossVenueMomentum -> ProviderRawDailyConsensusV1:btc_crossvenue_carry,board-b-provider-raw-daily-consensus/v1,1d_hold_5,long_research_only_until_branch_rc_spa_passes,suppress_if_bull_raw_provider_branch_rc_spa_fails,long,1,103126.65,111696.21,0.08309743407741843,0.0018,0.08129743407741843,2025,source_panel_daily_asof,binance_btc,btc_crossvenue,4,0.00047084299368549865
board-b-provider-raw-daily-consensus/v1,20260511T212329+0800-codex-board-b-provider-raw-daily-consensus-v1,ProviderRawDailyConsensusV1,btc_crossvenue_carry,BTC/USDT,1d,ProviderRawDailyConsensusV1:btc_crossvenue_carry:BTC/USDT:1d:binance_btc:142,2025-05-23T00:00:00+00:00,2025-05-28T00:00:00+00:00,2025-05-23,^IXIC,Bull,0.9797225384,0.6,22.290000915527344,component_pass_from_205047_not_rescored_here,RawProviderConsensusRiskOn,CrossVenueMomentum,provider_raw_daily_consensus,ProviderRawDailyConsensusV1:btc_crossvenue_carry,Bull -> RawProviderConsensusRiskOn -> CrossVenueMomentum -> ProviderRawDailyConsensusV1:btc_crossvenue_carry,board-b-provider-raw-daily-consensus/v1,1d_hold_5,long_research_only_until_branch_rc_spa_passes,suppress_if_bull_raw_provider_branch_rc_spa_fails,long,1,107318.3,107781.78,0.004318741538022808,0.0018,0.002518741538022808,2025,source_panel_daily_asof,binance_btc,btc_crossvenue,4,0.00024813812401710845
board-b-provider-raw-daily-consensus/v1,20260511T212329+0800-codex-board-b-provider-raw-daily-consensus-v1,ProviderRawDailyConsensusV1,btc_crossvenue_carry,BTC/USDT,1d,ProviderRawDailyConsensusV1:btc_crossvenue_carry:BTC/USDT:1d:binance_btc:158,2025-06-08T00:00:00+00:00,2025-06-13T00:00:00+00:00,2025-06-08,^IXIC,Bull,0.9797225384,0.6,16.770000457763672,component_pass_from_205047_not_rescored_here,RawProviderConsensusRiskOn,CrossVenueMomentum,provider_raw_daily_consensus,ProviderRawDailyConsensusV1:btc_crossvenue_carry,Bull -> RawProviderConsensusRiskOn -> CrossVenueMomentum -> ProviderRawDailyConsensusV1:btc_crossvenue_carry,board-b-provider-raw-daily-consensus/v1,1d_hold_5,long_research_only_until_branch_rc_spa_passes,suppress_if_bull_raw_provider_branch_rc_spa_fails,long,1,105734.0,106066.59,0.0031455350218472233,0.0018,0.0013455350218472234,2025,source_panel_daily_asof,binance_btc,btc_crossvenue,4,0.00048500603580261463
board-b-provider-raw-daily-consensus/v1,20260511T212329+0800-codex-board-b-provider-raw-daily-consensus-v1,ProviderRawDailyConsensusV1,btc_crossvenue_carry,BTC/USDT,1d,ProviderRawDailyConsensusV1:btc_crossvenue_carry:BTC/USDT:1d:binance_btc:174,2025-06-24T00:00:00+00:00,2025-06-29T00:00:00+00:00,2025-06-24,^IXIC,Bull,0.9797225384,0.6,17.479999542236328,component_pass_from_205047_not_rescored_here,RawProviderConsensusRiskOn,CrossVenueMomentum,provider_raw_daily_consensus,ProviderRawDailyConsensusV1:btc_crossvenue_carry,Bull -> RawProviderConsensusRiskOn -> CrossVenueMomentum -> ProviderRawDailyConsensusV1:btc_crossvenue_carry,board-b-provider-raw-daily-consensus/v1,1d_hold_5,long_research_only_until_branch_rc_spa_passes,suppress_if_bull_raw_provider_branch_rc_spa_fails,long,1,106083.0,108356.93,0.021435385500032877,0.0018,0.019635385500032878,2025,source_panel_daily_asof,binance_btc,btc_crossvenue,4,0.0002508040599242748
board-b-provider-raw-daily-consensus/v1,20260511T212329+0800-codex-board-b-provider-raw-daily-consensus-v1,ProviderRawDailyConsensusV1,btc_crossvenue_carry,BTC/USDT,1d,ProviderRawDailyConsensusV1:btc_crossvenue_carry:BTC/USDT:1d:binance_btc:182,2025-07-02T00:00:00+00:00,2025-07-07T00:00:00+00:00,2025-07-02,^IXIC,Bull,0.9797225384,0.833,16.639999389648438,component_pass_from_205047_not_rescored_here,RawProviderConsensusRiskOn,CrossVenueMomentum,provider_raw_daily_consensus,ProviderRawDailyConsensusV1:btc_crossvenue_carry,Bull -> RawProviderConsensusRiskOn -> CrossVenueMomentum -> ProviderRawDailyConsensusV1:btc_crossvenue_carry,board-b-provider-raw-daily-consensus/v1,1d_hold_5,long_research_only_until_branch_rc_spa_passes,suppress_if_bull_raw_provider_branch_rc_spa_fails,long,1,108849.6,108262.94,-0.0053896385471329245,0.0018,-0.007189638547132924,2025,source_panel_daily_asof,binance_btc,btc_crossvenue,4,0.00023008733663085722
board-b-provider-raw-daily-consensus/v1,20260511T212329+0800-codex-board-b-provider-raw-daily-consensus-v1,ProviderRawDailyConsensusV1,btc_crossvenue_carry,BTC/USDT,1d,ProviderRawDailyConsensusV1:btc_crossvenue_carry:BTC/USDT:1d:binance_btc:189,2025-07-09T00:00:00+00:00,2025-07-14T00:00:00+00:00,2025-07-09,^IXIC,Bull,0.9797225384,1.0,15.9399995803833,component_pass_from_205047_not_rescored_here,RawProviderConsensusRiskOn,CrossVenueMomentum,provider_raw_daily_consensus,ProviderRawDailyConsensusV1:btc_crossvenue_carry,Bull -> RawProviderConsensusRiskOn -> CrossVenueMomentum -> ProviderRawDailyConsensusV1:btc_crossvenue_carry,board-b-provider-raw-daily-consensus/v1,1d_hold_5,long_research_only_until_branch_rc_spa_passes,suppress_if_bull_raw_provider_branch_rc_spa_fails,long,1,111233.99,119841.18,0.07737913564010412,0.0018,0.07557913564010413,2025,source_panel_daily_asof,binance_btc,btc_crossvenue,4,0.0005433218925179736
board-b-provider-raw-daily-consensus/v1,20260511T212329+0800-codex-board-b-provider-raw-daily-consensus-v1,ProviderRawDailyConsensusV1,btc_crossvenue_carry,BTC/USDT,1d,ProviderRawDailyConsensusV1:btc_crossvenue_carry:BTC/USDT:1d:binance_btc:195,2025-07-15T00:00:00+00:00,2025-07-20T00:00:00+00:00,2025-07-15,^IXIC,Bull,0.9797225384,1.0,17.3799991607666,component_pass_from_205047_not_rescored_here,RawProviderConsensusRiskOn,CrossVenueMomentum,provider_raw_daily_consensus,ProviderRawDailyConsensusV1:btc_crossvenue_carry,Bull -> RawProviderConsensusRiskOn -> CrossVenueMomentum -> ProviderRawDailyConsensusV1:btc_crossvenue_carry,board-b-provider-raw-daily-consensus/v1,1d_hold_5,long_research_only_until_branch_rc_spa_passes,suppress_if_bull_raw_provider_branch_rc_spa_fails,long,1,117758.09,117265.12,-0.004186294122127787,0.0018,-0.005986294122127787,2025,source_panel_daily_asof,binance_btc,btc_crossvenue,4,0.00013722972088705323
board-b-provider-raw-daily-consensus/v1,20260511T212329+0800-codex-board-b-provider-raw-daily-consensus-v1,ProviderRawDailyConsensusV1,btc_crossvenue_carry,BTC/USDT,1d,ProviderRawDailyConsensusV1:btc_crossvenue_carry:BTC/USDT:1d:binance_btc:202,2025-07-22T00:00:00+00:00,2025-07-27T00:00:00+00:00,2025-07-22,^IXIC,Bull,0.9797225384,1.0,16.5,component_pass_from_205047_not_rescored_here,RawProviderConsensusRiskOn,CrossVenueMomentum,provider_raw_daily_consensus,ProviderRawDailyConsensusV1:btc_crossvenue_carry,Bull -> RawProviderConsensusRiskOn -> CrossVenueMomentum -> ProviderRawDailyConsensusV1:btc_crossvenue_carry,board-b-provider-raw-daily-consensus/v1,1d_hold_5,long_research_only_until_branch_rc_spa_passes,suppress_if_bull_raw_provider_branch_rc_spa_fails,long,1,119954.42,119415.55,-0.004492289654687176,0.0018,-0.0062922896546871755,2025,source_panel_daily_asof,binance_btc,btc_crossvenue,4,0.00031533123237456357
board-b-provider-raw-daily-consensus/v1,20260511T212329+0800-codex-board-b-provider-raw-daily-consensus-v1,ProviderRawDailyConsensusV1,btc_crossvenue_carry,BTC/USDT,1d,ProviderRawDailyConsensusV1:btc_crossvenue_carry:BTC/USDT:1d:binance_btc:210,2025-07-30T00:00:00+00:00,2025-08-04T00:00:00+00:00,2025-07-30,^IXIC,Bull,0.9797225384,0.8,15.479999542236328,component_pass_from_205047_not_rescored_here,RawProviderConsensusRiskOn,CrossVenueMomentum,provider_raw_daily_consensus,ProviderRawDailyConsensusV1:btc_crossvenue_carry,Bull -> RawProviderConsensusRiskOn -> CrossVenueMomentum -> ProviderRawDailyConsensusV1:btc_crossvenue_carry,board-b-provider-raw-daily-consensus/v1,1d_hold_5,long_research_only_until_branch_rc_spa_passes,suppress_if_bull_raw_provider_branch_rc_spa_fails,long,1,117840.3,115055.03,-0.02363597173462728,0.0018,-0.02543597173462728,2025,source_panel_daily_asof,binance_btc,btc_crossvenue,4,0.00021928105971965778
board-b-provider-raw-daily-consensus/v1,20260511T212329+0800-codex-board-b-provider-raw-daily-consensus-v1,ProviderRawDailyConsensusV1,btc_crossvenue_carry,BTC/USDT,1d,ProviderRawDailyConsensusV1:btc_crossvenue_carry:BTC/USDT:1d:binance_btc:218,2025-08-07T00:00:00+00:00,2025-08-12T00:00:00+00:00,2025-08-07,^IXIC,Bull,0.9797225384,0.6,16.56999969482422,component_pass_from_205047_not_rescored_here,RawProviderConsensusRiskOn,CrossVenueMomentum,provider_raw_daily_consensus,ProviderRawDailyConsensusV1:btc_crossvenue_carry,Bull -> RawProviderConsensusRiskOn -> CrossVenueMomentum -> ProviderRawDailyConsensusV1:btc_crossvenue_carry,board-b-provider-raw-daily-consensus/v1,1d_hold_5,long_research_only_until_branch_rc_spa_passes,suppress_if_bull_raw_provider_branch_rc_spa_fails,long,1,117472.01,120134.08,0.022661313107692704,0.0018,0.020861313107692705,2025,source_panel_daily_asof,binance_btc,btc_crossvenue,4,0.0003927832314655282
board-b-provider-raw-daily-consensus/v1,20260511T212329+0800-codex-board-b-provider-raw-daily-consensus-v1,ProviderRawDailyConsensusV1,btc_crossvenue_carry,BTC/USDT,1d,ProviderRawDailyConsensusV1:btc_crossvenue_carry:BTC/USDT:1d:binance_btc:224,2025-08-13T00:00:00+00:00,2025-08-18T00:00:00+00:00,2025-08-13,^IXIC,Bull,0.9797225384,0.6,14.489999771118164,component_pass_from_205047_not_rescored_here,RawProviderConsensusRiskOn,CrossVenueMomentum,provider_raw_daily_consensus,ProviderRawDailyConsensusV1:btc_crossvenue_carry,Bull -> RawProviderConsensusRiskOn -> CrossVenueMomentum -> ProviderRawDailyConsensusV1:btc_crossvenue_carry,board-b-provider-raw-daily-consensus/v1,1d_hold_5,long_research_only_until_branch_rc_spa_passes,suppress_if_bull_raw_provider_branch_rc_spa_fails,long,1,123306.43,116227.05,-0.057412902149547196,0.0018,-0.0592129021495472,2025,source_panel_daily_asof,binance_btc,btc_crossvenue,4,0.00017507154598087106
board-b-provider-raw-daily-consensus/v1,20260511T212329+0800-codex-board-b-provider-raw-daily-consensus-v1,ProviderRawDailyConsensusV1,btc_crossvenue_carry,BTC/USDT,1d,ProviderRawDailyConsensusV1:btc_crossvenue_carry:BTC/USDT:1d:binance_btc:250,2025-09-08T00:00:00+00:00,2025-09-13T00:00:00+00:00,2025-09-08,^IXIC,Bull,0.9797225384,0.6,15.109999656677246,component_pass_from_205047_not_rescored_here,RawProviderConsensusRiskOn,CrossVenueMomentum,provider_raw_daily_consensus,ProviderRawDailyConsensusV1:btc_crossvenue_carry,Bull -> RawProviderConsensusRiskOn -> CrossVenueMomentum -> ProviderRawDailyConsensusV1:btc_crossvenue_carry,board-b-provider-raw-daily-consensus/v1,1d_hold_5,long_research_only_until_branch_rc_spa_passes,suppress_if_bull_raw_provider_branch_rc_spa_fails,long,1,112065.23,115918.29,0.03438229681052718,0.0018,0.03258229681052718,2025,source_panel_daily_asof,binance_btc,btc_crossvenue,4,0.00024099932489533602
board-b-provider-raw-daily-consensus/v1,20260511T212329+0800-codex-board-b-provider-raw-daily-consensus-v1,ProviderRawDailyConsensusV1,btc_crossvenue_carry,BTC/USDT,1d,ProviderRawDailyConsensusV1:btc_crossvenue_carry:BTC/USDT:1d:binance_btc:256,2025-09-14T00:00:00+00:00,2025-09-19T00:00:00+00:00,2025-09-14,^IXIC,Bull,0.9797225384,0.8,14.760000228881836,component_pass_from_205047_not_rescored_here,RawProviderConsensusRiskOn,CrossVenueMomentum,provider_raw_daily_consensus,ProviderRawDailyConsensusV1:btc_crossvenue_carry,Bull -> RawProviderConsensusRiskOn -> CrossVenueMomentum -> ProviderRawDailyConsensusV1:btc_crossvenue_carry,board-b-provider-raw-daily-consensus/v1,1d_hold_5,long_research_only_until_branch_rc_spa_passes,suppress_if_bull_raw_provider_branch_rc_spa_fails,long,1,115268.01,115632.38,0.0031610678452764773,0.0018,0.0013610678452764774,2025,source_panel_daily_asof,binance_btc,btc_crossvenue,4,0.0008152754532582859
board-b-provider-raw-daily-consensus/v1,20260511T212329+0800-codex-board-b-provider-raw-daily-consensus-v1,ProviderRawDailyConsensusV1,btc_crossvenue_carry,BTC/USDT,1d,ProviderRawDailyConsensusV1:btc_crossvenue_carry:BTC/USDT:1d:binance_btc:262,2025-09-20T00:00:00+00:00,2025-09-25T00:00:00+00:00,2025-09-20,^IXIC,Bull,0.9797225384,1.0,15.449999809265137,component_pass_from_205047_not_rescored_here,RawProviderConsensusRiskOn,CrossVenueMomentum,provider_raw_daily_consensus,ProviderRawDailyConsensusV1:btc_crossvenue_carry,Bull -> RawProviderConsensusRiskOn -> CrossVenueMomentum -> ProviderRawDailyConsensusV1:btc_crossvenue_carry,board-b-provider-raw-daily-consensus/v1,1d_hold_5,long_research_only_until_branch_rc_spa_passes,suppress_if_bull_raw_provider_branch_rc_spa_fails,long,1,115685.63,108994.49,-0.0578389900284072,0.0018,-0.0596389900284072,2025,source_panel_daily_asof,binance_btc,btc_crossvenue,4,0.0004211619450187793
board-b-provider-raw-daily-consensus/v1,20260511T212329+0800-codex-board-b-provider-raw-daily-consensus-v1,ProviderRawDailyConsensusV1,btc_crossvenue_carry,BTC/USDT,1d,ProviderRawDailyConsensusV1:btc_crossvenue_carry:BTC/USDT:1d:binance_btc:271,2025-09-29T00:00:00+00:00,2025-10-04T00:00:00+00:00,2025-09-29,^IXIC,Bull,0.9797225384,1.0,16.1200008392334,component_pass_from_205047_not_rescored_here,RawProviderConsensusRiskOn,CrossVenueMomentum,provider_raw_daily_consensus,ProviderRawDailyConsensusV1:btc_crossvenue_carry,Bull -> RawProviderConsensusRiskOn -> CrossVenueMomentum -> ProviderRawDailyConsensusV1:btc_crossvenue_carry,board-b-provider-raw-daily-consensus/v1,1d_hold_5,long_research_only_until_branch_rc_spa_passes,suppress_if_bull_raw_provider_branch_rc_spa_fails,long,1,114311.96,122391.0,0.07067536940141683,0.0018,0.06887536940141684,2025,source_panel_daily_asof,binance_btc,btc_crossvenue,4,0.0005685136824625679
board-b-provider-raw-daily-consensus/v1,20260511T212329+0800-codex-board-b-provider-raw-daily-consensus-v1,ProviderRawDailyConsensusV1,btc_crossvenue_carry,BTC/USDT,1d,ProviderRawDailyConsensusV1:btc_crossvenue_carry:BTC/USDT:1d:binance_btc:277,2025-10-05T00:00:00+00:00,2025-10-10T00:00:00+00:00,2025-10-05,^IXIC,Bull,0.9797225384,0.6,16.649999618530273,component_pass_from_205047_not_rescored_here,RawProviderConsensusRiskOn,CrossVenueMomentum,provider_raw_daily_consensus,ProviderRawDailyConsensusV1:btc_crossvenue_carry,Bull -> RawProviderConsensusRiskOn -> CrossVenueMomentum -> ProviderRawDailyConsensusV1:btc_crossvenue_carry,board-b-provider-raw-daily-consensus/v1,1d_hold_5,long_research_only_until_branch_rc_spa_passes,suppress_if_bull_raw_provider_branch_rc_spa_fails,long,1,123482.31,112774.5,-0.08671533598618297,0.0018,-0.08851533598618297,2025,source_panel_daily_asof,binance_btc,btc_crossvenue,4,0.0003282778109451256
board-b-provider-raw-daily-consensus/v1,20260511T212329+0800-codex-board-b-provider-raw-daily-consensus-v1,ProviderRawDailyConsensusV1,btc_crossvenue_carry,BTC/USDT,1d,ProviderRawDailyConsensusV1:btc_crossvenue_carry:BTC/USDT:1d:binance_btc:298,2025-10-26T00:00:00+00:00,2025-10-31T00:00:00+00:00,2025-10-26,^IXIC,Bull,0.9797225384,0.6,16.3700008392334,component_pass_from_205047_not_rescored_here,RawProviderConsensusRiskOn,CrossVenueMomentum,provider_raw_daily_consensus,ProviderRawDailyConsensusV1:btc_crossvenue_carry,Bull -> RawProviderConsensusRiskOn -> CrossVenueMomentum -> ProviderRawDailyConsensusV1:btc_crossvenue_carry,board-b-provider-raw-daily-consensus/v1,1d_hold_5,long_research_only_until_branch_rc_spa_passes,suppress_if_bull_raw_provider_branch_rc_spa_fails,long,1,114559.4,109608.01,-0.043221158630369905,0.0018,-0.04502115863036991,2025,source_panel_daily_asof,binance_btc,btc_crossvenue,4,0.0003184013447596923
board-b-provider-raw-daily-consensus/v1,20260511T212329+0800-codex-board-b-provider-raw-daily-consensus-v1,ProviderRawDailyConsensusV1,btc_crossvenue_carry,BTC/USDT,1d,ProviderRawDailyConsensusV1:btc_crossvenue_carry:BTC/USDT:1d:binance_btc:336,2025-12-03T00:00:00+00:00,2025-12-08T00:00:00+00:00,2025-12-03,^IXIC,Bull,0.9797225384,0.6,16.079999923706055,component_pass_from_205047_not_rescored_here,RawProviderConsensusRiskOn,CrossVenueMomentum,provider_raw_daily_consensus,ProviderRawDailyConsensusV1:btc_crossvenue_carry,Bull -> RawProviderConsensusRiskOn -> CrossVenueMomentum -> ProviderRawDailyConsensusV1:btc_crossvenue_carry,board-b-provider-raw-daily-consensus/v1,1d_hold_5,long_research_only_until_branch_rc_spa_passes,suppress_if_bull_raw_provider_branch_rc_spa_fails,long,1,93429.95,90634.34,-0.029921989683179717,0.0018,-0.03172198968317972,2025,source_panel_daily_asof,binance_btc,btc_crossvenue,4,0.0006208687588890584
board-b-provider-raw-daily-consensus/v1,20260511T212329+0800-codex-board-b-provider-raw-daily-consensus-v1,ProviderRawDailyConsensusV1,btc_crossvenue_carry,BTC/USDT,1d,ProviderRawDailyConsensusV1:btc_crossvenue_carry:BTC/USDT:1d:binance_btc:342,2025-12-09T00:00:00+00:00,2025-12-14T00:00:00+00:00,2025-12-09,^IXIC,Bull,0.9797225384,0.8,16.93000030517578,component_pass_from_205047_not_rescored_here,RawProviderConsensusRiskOn,CrossVenueMomentum,provider_raw_daily_consensus,ProviderRawDailyConsensusV1:btc_crossvenue_carry,Bull -> RawProviderConsensusRiskOn -> CrossVenueMomentum -> ProviderRawDailyConsensusV1:btc_crossvenue_carry,board-b-provider-raw-daily-consensus/v1,1d_hold_5,long_research_only_until_branch_rc_spa_passes,suppress_if_bull_raw_provider_branch_rc_spa_fails,long,1,92678.8,88172.17,-0.0486263309408409,0.0018,-0.050426330940840904,2025,source_panel_daily_asof,binance_btc,btc_crossvenue,4,0.0003131557013040205
board-b-provider-raw-daily-consensus/v1,20260511T212329+0800-codex-board-b-provider-raw-daily-consensus-v1,ProviderRawDailyConsensusV1,provider_breakdown_short,BTC/USDT,1d,ProviderRawDailyConsensusV1:provider_breakdown_short:BTC/USDT:1d:binance_btc:57,2025-02-27T00:00:00+00:00,2025-03-04T00:00:00+00:00,2025-02-27,^IXIC,Bear,0.963920242,0.6,21.1299991607666,component_pass_from_205047_not_rescored_here,RawProviderRiskOff,DefensiveOrBreakdown,provider_raw_daily_consensus,ProviderRawDailyConsensusV1:provider_breakdown_short,Bear -> RawProviderRiskOff -> DefensiveOrBreakdown -> ProviderRawDailyConsensusV1:provider_breakdown_short,board-b-provider-raw-daily-consensus/v1,1d_hold_5,short_or_defensive_research_only_until_branch_rc_spa_passes,suppress_if_bear_raw_provider_branch_rc_spa_fails,short,-1,84708.58,87281.98,-0.030379449165597983,0.0018,-0.032179449165597986,2025,source_panel_daily_asof,binance_btc,btc_crossvenue,4,0.00012522177476721264
board-b-provider-raw-daily-consensus/v1,20260511T212329+0800-codex-board-b-provider-raw-daily-consensus-v1,ProviderRawDailyConsensusV1,provider_breakdown_short,BTC/USDT,1d,ProviderRawDailyConsensusV1:provider_breakdown_short:BTC/USDT:1d:binance_btc:64,2025-03-06T00:00:00+00:00,2025-03-11T00:00:00+00:00,2025-03-06,^IXIC,Bear,0.963920242,0.667,24.8700008392334,component_pass_from_205047_not_rescored_here,RawProviderRiskOff,DefensiveOrBreakdown,provider_raw_daily_consensus,ProviderRawDailyConsensusV1:provider_breakdown_short,Bear -> RawProviderRiskOff -> DefensiveOrBreakdown -> ProviderRawDailyConsensusV1:provider_breakdown_short,board-b-provider-raw-daily-consensus/v1,1d_hold_5,short_or_defensive_research_only_until_branch_rc_spa_passes,suppress_if_bear_raw_provider_branch_rc_spa_fails,short,-1,89931.89,82932.99,0.07782445137092076,0.0018,0.07602445137092076,2025,source_panel_daily_asof,binance_btc,btc_crossvenue,4,0.0002930706651113378
board-b-provider-raw-daily-consensus/v1,20260511T212329+0800-codex-board-b-provider-raw-daily-consensus-v1,ProviderRawDailyConsensusV1,provider_breakdown_short,BTC/USDT,1d,ProviderRawDailyConsensusV1:provider_breakdown_short:BTC/USDT:1d:binance_btc:70,2025-03-12T00:00:00+00:00,2025-03-17T00:00:00+00:00,2025-03-12,^IXIC,Bear,0.963920242,0.667,24.229999542236328,component_pass_from_205047_not_rescored_here,RawProviderRiskOff,DefensiveOrBreakdown,provider_raw_daily_consensus,ProviderRawDailyConsensusV1:provider_breakdown_short,Bear -> RawProviderRiskOff -> DefensiveOrBreakdown -> ProviderRawDailyConsensusV1:provider_breakdown_short,board-b-provider-raw-daily-consensus/v1,1d_hold_5,short_or_defensive_research_only_until_branch_rc_spa_passes,suppress_if_bear_raw_provider_branch_rc_spa_fails,short,-1,83680.12,84010.03,-0.003942513466759001,0.0018,-0.005742513466759001,2025,source_panel_daily_asof,binance_btc,btc_crossvenue,4,0.0003608750902449848
board-b-provider-raw-daily-consensus/v1,20260511T212329+0800-codex-board-b-provider-raw-daily-consensus-v1,ProviderRawDailyConsensusV1,provider_breakdown_short,BTC/USDT,1d,ProviderRawDailyConsensusV1:provider_breakdown_short:BTC/USDT:1d:binance_btc:76,2025-03-18T00:00:00+00:00,2025-03-23T00:00:00+00:00,2025-03-18,^IXIC,Bear,0.963920242,0.5,21.700000762939453,component_pass_from_205047_not_rescored_here,RawProviderRiskOff,DefensiveOrBreakdown,provider_raw_daily_consensus,ProviderRawDailyConsensusV1:provider_breakdown_short,Bear -> RawProviderRiskOff -> DefensiveOrBreakdown -> ProviderRawDailyConsensusV1:provider_breakdown_short,board-b-provider-raw-daily-consensus/v1,1d_hold_5,short_or_defensive_research_only_until_branch_rc_spa_passes,suppress_if_bear_raw_provider_branch_rc_spa_fails,short,-1,82715.03,86082.5,-0.04071170620381803,0.0018,-0.042511706203818035,2025,source_panel_daily_asof,binance_btc,btc_crossvenue,4,0.0002350945683270938
board-b-provider-raw-daily-consensus/v1,20260511T212329+0800-codex-board-b-provider-raw-daily-consensus-v1,ProviderRawDailyConsensusV1,provider_breakdown_short,BTC/USDT,1d,ProviderRawDailyConsensusV1:provider_breakdown_short:BTC/USDT:1d:binance_btc:87,2025-03-29T00:00:00+00:00,2025-04-03T00:00:00+00:00,2025-03-29,^IXIC,Bear,0.963920242,0.5,21.649999618530273,component_pass_from_205047_not_rescored_here,RawProviderRiskOff,DefensiveOrBreakdown,provider_raw_daily_consensus,ProviderRawDailyConsensusV1:provider_breakdown_short,Bear -> RawProviderRiskOff -> DefensiveOrBreakdown -> ProviderRawDailyConsensusV1:provider_breakdown_short,board-b-provider-raw-daily-consensus/v1,1d_hold_5,short_or_defensive_research_only_until_branch_rc_spa_passes,suppress_if_bear_raw_provider_branch_rc_spa_fails,short,-1,82648.54,83213.09,-0.006830731674146939,0.0018,-0.008630731674146939,2025,source_panel_daily_asof,binance_btc,btc_crossvenue,4,0.0002750822556837318
board-b-provider-raw-daily-consensus/v1,20260511T212329+0800-codex-board-b-provider-raw-daily-consensus-v1,ProviderRawDailyConsensusV1,provider_breakdown_short,BTC/USDT,1d,ProviderRawDailyConsensusV1:provider_breakdown_short:BTC/USDT:1d:binance_btc:93,2025-04-04T00:00:00+00:00,2025-04-09T00:00:00+00:00,2025-04-04,^IXIC,Bear,0.963920242,0.444,45.310001373291016,component_pass_from_205047_not_rescored_here,RawProviderRiskOff,DefensiveOrBreakdown,provider_raw_daily_consensus,ProviderRawDailyConsensusV1:provider_breakdown_short,Bear -> RawProviderRiskOff -> DefensiveOrBreakdown -> ProviderRawDailyConsensusV1:provider_breakdown_short,board-b-provider-raw-daily-consensus/v1,1d_hold_5,short_or_defensive_research_only_until_branch_rc_spa_passes,suppress_if_bear_raw_provider_branch_rc_spa_fails,short,-1,83889.87,82615.22,0.015194325608085868,0.0018,0.013394325608085868,2025,source_panel_daily_asof,binance_btc,btc_crossvenue,4,0.00026884507505618005
board-b-provider-raw-daily-consensus/v1,20260511T212329+0800-codex-board-b-provider-raw-daily-consensus-v1,ProviderRawDailyConsensusV1,provider_breakdown_short,BTC/USDT,1d,ProviderRawDailyConsensusV1:provider_breakdown_short:BTC/USDT:1d:binance_btc:99,2025-04-10T00:00:00+00:00,2025-04-15T00:00:00+00:00,2025-04-10,^IXIC,Bear,0.963920242,0.5,40.720001220703125,component_pass_from_205047_not_rescored_here,RawProviderRiskOff,DefensiveOrBreakdown,provider_raw_daily_consensus,ProviderRawDailyConsensusV1:provider_breakdown_short,Bear -> RawProviderRiskOff -> DefensiveOrBreakdown -> ProviderRawDailyConsensusV1:provider_breakdown_short,board-b-provider-raw-daily-consensus/v1,1d_hold_5,short_or_defensive_research_only_until_branch_rc_spa_passes,suppress_if_bear_raw_provider_branch_rc_spa_fails,short,-1,79607.3,83643.99,-0.05070753561545227,0.0018,-0.052507535615452273,2025,source_panel_daily_asof,binance_btc,btc_crossvenue,4,0.00046033018736731964
board-b-provider-raw-daily-consensus/v1,20260511T212329+0800-codex-board-b-provider-raw-daily-consensus-v1,ProviderRawDailyConsensusV1,failed_reclaim_short,BTC/USDT,1d,ProviderRawDailyConsensusV1:failed_reclaim_short:BTC/USDT:1d:binance_btc:84,2025-03-26T00:00:00+00:00,2025-03-30T00:00:00+00:00,2025-03-26,^IXIC,Bear,0.963920242,0.5,18.329999923706055,component_pass_from_205047_not_rescored_here,RawProviderRiskOff,DefensiveOrBreakdown,provider_raw_daily_consensus,ProviderRawDailyConsensusV1:failed_reclaim_short,Bear -> RawProviderRiskOff -> DefensiveOrBreakdown -> ProviderRawDailyConsensusV1:failed_reclaim_short,board-b-provider-raw-daily-consensus/v1,1d_hold_4,short_or_defensive_research_only_until_branch_rc_spa_passes,suppress_if_bear_raw_provider_branch_rc_spa_fails,short,-1,86909.17,82389.99,0.051998885733231526,0.0018,0.05019888573323152,2025,source_panel_daily_asof,binance_btc,btc_crossvenue,4,0.0002481720753763048
board-b-provider-raw-daily-consensus/v1,20260511T212329+0800-codex-board-b-provider-raw-daily-consensus-v1,ProviderRawDailyConsensusV1,dispersion_reversion,BTC/USDT,1d,ProviderRawDailyConsensusV1:dispersion_reversion:BTC/USDT:1d:binance_btc:14,2025-01-15T00:00:00+00:00,2025-01-18T00:00:00+00:00,2025-01-15,^IXIC,Sideways,0.9529358324,0.6,16.1200008392334,component_pass_from_205047_not_rescored_here,RawProviderRange,DispersionReversion,provider_raw_daily_consensus,ProviderRawDailyConsensusV1:dispersion_reversion,Sideways -> RawProviderRange -> DispersionReversion -> ProviderRawDailyConsensusV1:dispersion_reversion,board-b-provider-raw-daily-consensus/v1,1d_hold_3,long_short_research_only_until_branch_rc_spa_passes,suppress_if_sideways_raw_provider_branch_rc_spa_fails,short,-1,100497.35,104556.23,-0.04038793062702628,0.0018,-0.042187930627026284,2025,source_panel_daily_asof,binance_btc,btc_crossvenue,4,0.0001749505138218344
board-b-provider-raw-daily-consensus/v1,20260511T212329+0800-codex-board-b-provider-raw-daily-consensus-v1,ProviderRawDailyConsensusV1,dispersion_reversion,BTC/USDT,1d,ProviderRawDailyConsensusV1:dispersion_reversion:BTC/USDT:1d:binance_btc:35,2025-02-05T00:00:00+00:00,2025-02-08T00:00:00+00:00,2025-02-05,^IXIC,Sideways,0.9529358324,0.6,15.770000457763672,component_pass_from_205047_not_rescored_here,RawProviderRange,DispersionReversion,provider_raw_daily_consensus,ProviderRawDailyConsensusV1:dispersion_reversion,Sideways -> RawProviderRange -> DispersionReversion -> ProviderRawDailyConsensusV1:dispersion_reversion,board-b-provider-raw-daily-consensus/v1,1d_hold_3,long_short_research_only_until_branch_rc_spa_passes,suppress_if_sideways_raw_provider_branch_rc_spa_fails,long,1,96612.43,96444.74,-0.001735697984203366,0.0018,-0.003535697984203366,2025,source_panel_daily_asof,binance_btc,btc_crossvenue,4,0.00025703039754381763
board-b-provider-raw-daily-consensus/v1,20260511T212329+0800-codex-board-b-provider-raw-daily-consensus-v1,ProviderRawDailyConsensusV1,dispersion_reversion,BTC/USDT,1d,ProviderRawDailyConsensusV1:dispersion_reversion:BTC/USDT:1d:binance_btc:54,2025-02-24T00:00:00+00:00,2025-02-27T00:00:00+00:00,2025-02-24,^IXIC,Sideways,0.9529358324,1.0,18.979999542236328,component_pass_from_205047_not_rescored_here,RawProviderRange,DispersionReversion,provider_raw_daily_consensus,ProviderRawDailyConsensusV1:dispersion_reversion,Sideways -> RawProviderRange -> DispersionReversion -> ProviderRawDailyConsensusV1:dispersion_reversion,board-b-provider-raw-daily-consensus/v1,1d_hold_3,long_short_research_only_until_branch_rc_spa_passes,suppress_if_sideways_raw_provider_branch_rc_spa_fails,long,1,91552.88,84708.58,-0.07475788855577237,0.0018,-0.07655788855577236,2025,source_panel_daily_asof,binance_btc,btc_crossvenue,4,0.000664255395979569
board-b-provider-raw-daily-consensus/v1,20260511T212329+0800-codex-board-b-provider-raw-daily-consensus-v1,ProviderRawDailyConsensusV1,dispersion_reversion,BTC/USDT,1d,ProviderRawDailyConsensusV1:dispersion_reversion:BTC/USDT:1d:binance_btc:83,2025-03-25T00:00:00+00:00,2025-03-28T00:00:00+00:00,2025-03-25,^IXIC,Sideways,0.9529358324,0.75,17.149999618530273,component_pass_from_205047_not_rescored_here,RawProviderRange,DispersionReversion,provider_raw_daily_consensus,ProviderRawDailyConsensusV1:dispersion_reversion,Sideways -> RawProviderRange -> DispersionReversion -> ProviderRawDailyConsensusV1:dispersion_reversion,board-b-provider-raw-daily-consensus/v1,1d_hold_3,long_short_research_only_until_branch_rc_spa_passes,suppress_if_sideways_raw_provider_branch_rc_spa_fails,short,-1,87392.87,84424.38,0.03396718748337235,0.0018,0.03216718748337235,2025,source_panel_daily_asof,binance_btc,btc_crossvenue,4,0.0005969946520161731
board-b-provider-raw-daily-consensus/v1,20260511T212329+0800-codex-board-b-provider-raw-daily-consensus-v1,ProviderRawDailyConsensusV1,dispersion_reversion,BTC/USDT,1d,ProviderRawDailyConsensusV1:dispersion_reversion:BTC/USDT:1d:binance_btc:170,2025-06-20T00:00:00+00:00,2025-06-23T00:00:00+00:00,2025-06-20,^IXIC,Sideways,0.9529358324,0.75,20.6200008392334,component_pass_from_205047_not_rescored_here,RawProviderRange,DispersionReversion,provider_raw_daily_consensus,ProviderRawDailyConsensusV1:dispersion_reversion,Sideways -> RawProviderRange -> DispersionReversion -> ProviderRawDailyConsensusV1:dispersion_reversion,board-b-provider-raw-daily-consensus/v1,1d_hold_3,long_short_research_only_until_branch_rc_spa_passes,suppress_if_sideways_raw_provider_branch_rc_spa_fails,long,1,103297.99,105333.93,0.01970938640722819,0.0018,0.01790938640722819,2025,source_panel_daily_asof,binance_btc,btc_crossvenue,4,0.0002799770760014356
board-b-provider-raw-daily-consensus/v1,20260511T212329+0800-codex-board-b-provider-raw-daily-consensus-v1,ProviderRawDailyConsensusV1,dispersion_reversion,BTC/USDT,1d,ProviderRawDailyConsensusV1:dispersion_reversion:BTC/USDT:1d:binance_btc:334,2025-12-01T00:00:00+00:00,2025-12-04T00:00:00+00:00,2025-12-01,^IXIC,Sideways,0.9529358324,0.6,17.239999771118164,component_pass_from_205047_not_rescored_here,RawProviderRange,DispersionReversion,provider_raw_daily_consensus,ProviderRawDailyConsensusV1:dispersion_reversion,Sideways -> RawProviderRange -> DispersionReversion -> ProviderRawDailyConsensusV1:dispersion_reversion,board-b-provider-raw-daily-consensus/v1,1d_hold_3,long_short_research_only_until_branch_rc_spa_passes,suppress_if_sideways_raw_provider_branch_rc_spa_fails,long,1,86286.01,92078.06,0.06712617723313441,0.0018,0.06532617723313441,2025,source_panel_daily_asof,binance_btc,btc_crossvenue,4,0.0003786011532655985
board-b-provider-raw-daily-consensus/v1,20260511T212329+0800-codex-board-b-provider-raw-daily-consensus-v1,ProviderRawDailyConsensusV1,dispersion_reversion,BTC/USDT,1d,ProviderRawDailyConsensusV1:dispersion_reversion:BTC/USDT:1d:binance_btc:348,2025-12-15T00:00:00+00:00,2025-12-18T00:00:00+00:00,2025-12-15,^IXIC,Sideways,0.9529358324,0.75,16.5,component_pass_from_205047_not_rescored_here,RawProviderRange,DispersionReversion,provider_raw_daily_consensus,ProviderRawDailyConsensusV1:dispersion_reversion,Sideways -> RawProviderRange -> DispersionReversion -> ProviderRawDailyConsensusV1:dispersion_reversion,board-b-provider-raw-daily-consensus/v1,1d_hold_3,long_short_research_only_until_branch_rc_spa_passes,suppress_if_sideways_raw_provider_branch_rc_spa_fails,long,1,86432.08,85516.41,-0.010594098857738876,0.0018,-0.012394098857738876,2025,source_panel_daily_asof,binance_btc,btc_crossvenue,4,0.0002265604024716939
board-b-provider-raw-daily-consensus/v1,20260511T212329+0800-codex-board-b-provider-raw-daily-consensus-v1,ProviderRawDailyConsensusV1,provider_consensus_momentum,BTC/USDT,1d,ProviderRawDailyConsensusV1:provider_consensus_momentum:BTC/USDT:1d:bybit_btc:20,2025-01-21T00:00:00+00:00,2025-01-26T00:00:00+00:00,2025-01-21,^IXIC,Bull,0.9797225384,0.6,15.0600004196167,component_pass_from_205047_not_rescored_here,RawProviderConsensusRiskOn,CrossVenueMomentum,provider_raw_daily_consensus,ProviderRawDailyConsensusV1:provider_consensus_momentum,Bull -> RawProviderConsensusRiskOn -> CrossVenueMomentum -> ProviderRawDailyConsensusV1:provider_consensus_momentum,board-b-provider-raw-daily-consensus/v1,1d_hold_5,long_research_only_until_branch_rc_spa_passes,suppress_if_bull_raw_provider_branch_rc_spa_fails,long,1,106133.3,102553.7,-0.03372739752744902,0.0018,-0.035527397527449024,2025,source_panel_daily_asof,bybit_btc,btc_crossvenue,4,0.0001150192435464935
board-b-provider-raw-daily-consensus/v1,20260511T212329+0800-codex-board-b-provider-raw-daily-consensus-v1,ProviderRawDailyConsensusV1,provider_consensus_momentum,BTC/USDT,1d,ProviderRawDailyConsensusV1:provider_consensus_momentum:BTC/USDT:1d:bybit_btc:29,2025-01-30T00:00:00+00:00,2025-02-04T00:00:00+00:00,2025-01-30,^IXIC,Bull,0.9797225384,0.6,15.84000015258789,component_pass_from_205047_not_rescored_here,RawProviderConsensusRiskOn,CrossVenueMomentum,provider_raw_daily_consensus,ProviderRawDailyConsensusV1:provider_consensus_momentum,Bull -> RawProviderConsensusRiskOn -> CrossVenueMomentum -> ProviderRawDailyConsensusV1:provider_consensus_momentum,board-b-provider-raw-daily-consensus/v1,1d_hold_5,long_research_only_until_branch_rc_spa_passes,suppress_if_bull_raw_provider_branch_rc_spa_fails,long,1,104684.6,97706.0,-0.06666310039872159,0.0018,-0.06846310039872158,2025,source_panel_daily_asof,bybit_btc,btc_crossvenue,4,0.0002678195323553804
board-b-provider-raw-daily-consensus/v1,20260511T212329+0800-codex-board-b-provider-raw-daily-consensus-v1,ProviderRawDailyConsensusV1,provider_consensus_momentum,BTC/USDT,1d,ProviderRawDailyConsensusV1:provider_consensus_momentum:BTC/USDT:1d:bybit_btc:121,2025-05-02T00:00:00+00:00,2025-05-07T00:00:00+00:00,2025-05-02,^IXIC,Bull,0.9797225384,0.222,22.68000030517578,component_pass_from_205047_not_rescored_here,RawProviderConsensusRiskOn,CrossVenueMomentum,provider_raw_daily_consensus,ProviderRawDailyConsensusV1:provider_consensus_momentum,Bull -> RawProviderConsensusRiskOn -> CrossVenueMomentum -> ProviderRawDailyConsensusV1:provider_consensus_momentum,board-b-provider-raw-daily-consensus/v1,1d_hold_5,long_research_only_until_branch_rc_spa_passes,suppress_if_bull_raw_provider_branch_rc_spa_fails,long,1,96833.5,96988.1,0.0015965549112653132,0.0018,-0.00020344508873468671,2025,source_panel_daily_asof,bybit_btc,btc_crossvenue,4,0.0004009046279861136
board-b-provider-raw-daily-consensus/v1,20260511T212329+0800-codex-board-b-provider-raw-daily-consensus-v1,ProviderRawDailyConsensusV1,provider_consensus_momentum,BTC/USDT,1d,ProviderRawDailyConsensusV1:provider_consensus_momentum:BTC/USDT:1d:bybit_btc:128,2025-05-09T00:00:00+00:00,2025-05-14T00:00:00+00:00,2025-05-09,^IXIC,Bull,0.9797225384,0.667,21.899999618530273,component_pass_from_205047_not_rescored_here,RawProviderConsensusRiskOn,CrossVenueMomentum,provider_raw_daily_consensus,ProviderRawDailyConsensusV1:provider_consensus_momentum,Bull -> RawProviderConsensusRiskOn -> CrossVenueMomentum -> ProviderRawDailyConsensusV1:provider_consensus_momentum,board-b-provider-raw-daily-consensus/v1,1d_hold_5,long_research_only_until_branch_rc_spa_passes,suppress_if_bull_raw_provider_branch_rc_spa_fails,long,1,102931.2,103445.0,0.004991683765466659,0.0018,0.003191683765466659,2025,source_panel_daily_asof,bybit_btc,btc_crossvenue,4,0.00020575383982511015
board-b-provider-raw-daily-consensus/v1,20260511T212329+0800-codex-board-b-provider-raw-daily-consensus-v1,ProviderRawDailyConsensusV1,provider_consensus_momentum,BTC/USDT,1d,ProviderRawDailyConsensusV1:provider_consensus_momentum:BTC/USDT:1d:bybit_btc:134,2025-05-15T00:00:00+00:00,2025-05-20T00:00:00+00:00,2025-05-15,^IXIC,Bull,0.9797225384,0.8,17.829999923706055,component_pass_from_205047_not_rescored_here,RawProviderConsensusRiskOn,CrossVenueMomentum,provider_raw_daily_consensus,ProviderRawDailyConsensusV1:provider_consensus_momentum,Bull -> RawProviderConsensusRiskOn -> CrossVenueMomentum -> ProviderRawDailyConsensusV1:provider_consensus_momentum,board-b-provider-raw-daily-consensus/v1,1d_hold_5,long_research_only_until_branch_rc_spa_passes,suppress_if_bull_raw_provider_branch_rc_spa_fails,long,1,103710.0,106808.2,0.02987368624047826,0.0018,0.02807368624047826,2025,source_panel_daily_asof,bybit_btc,btc_crossvenue,4,0.00023960867460369397
board-b-provider-raw-daily-consensus/v1,20260511T212329+0800-codex-board-b-provider-raw-daily-consensus-v1,ProviderRawDailyConsensusV1,provider_consensus_momentum,BTC/USDT,1d,ProviderRawDailyConsensusV1:provider_consensus_momentum:BTC/USDT:1d:bybit_btc:140,2025-05-21T00:00:00+00:00,2025-05-26T00:00:00+00:00,2025-05-21,^IXIC,Bull,0.9797225384,0.8,20.8700008392334,component_pass_from_205047_not_rescored_here,RawProviderConsensusRiskOn,CrossVenueMomentum,provider_raw_daily_consensus,ProviderRawDailyConsensusV1:provider_consensus_momentum,Bull -> RawProviderConsensusRiskOn -> CrossVenueMomentum -> ProviderRawDailyConsensusV1:provider_consensus_momentum,board-b-provider-raw-daily-consensus/v1,1d_hold_5,long_research_only_until_branch_rc_spa_passes,suppress_if_bull_raw_provider_branch_rc_spa_fails,long,1,109608.7,109382.3,-0.0020655294698321836,0.0018,-0.0038655294698321835,2025,source_panel_daily_asof,bybit_btc,btc_crossvenue,4,0.0002955683729518766
board-b-provider-raw-daily-consensus/v1,20260511T212329+0800-codex-board-b-provider-raw-daily-consensus-v1,ProviderRawDailyConsensusV1,provider_consensus_momentum,BTC/USDT,1d,ProviderRawDailyConsensusV1:provider_consensus_momentum:BTC/USDT:1d:bybit_btc:146,2025-05-27T00:00:00+00:00,2025-06-01T00:00:00+00:00,2025-05-27,^IXIC,Bull,0.9797225384,0.8,18.959999084472656,component_pass_from_205047_not_rescored_here,RawProviderConsensusRiskOn,CrossVenueMomentum,provider_raw_daily_consensus,ProviderRawDailyConsensusV1:provider_consensus_momentum,Bull -> RawProviderConsensusRiskOn -> CrossVenueMomentum -> ProviderRawDailyConsensusV1:provider_consensus_momentum,board-b-provider-raw-daily-consensus/v1,1d_hold_5,long_research_only_until_branch_rc_spa_passes,suppress_if_bull_raw_provider_branch_rc_spa_fails,long,1,108864.0,105614.4,-0.029850088183421608,0.0018,-0.03165008818342161,2025,source_panel_daily_asof,bybit_btc,btc_crossvenue,4,0.0005933765336845871
board-b-provider-raw-daily-consensus/v1,20260511T212329+0800-codex-board-b-provider-raw-daily-consensus-v1,ProviderRawDailyConsensusV1,provider_consensus_momentum,BTC/USDT,1d,ProviderRawDailyConsensusV1:provider_consensus_momentum:BTC/USDT:1d:bybit_btc:152,2025-06-02T00:00:00+00:00,2025-06-07T00:00:00+00:00,2025-06-02,^IXIC,Bull,0.9797225384,0.6,18.36000061035156,component_pass_from_205047_not_rescored_here,RawProviderConsensusRiskOn,CrossVenueMomentum,provider_raw_daily_consensus,ProviderRawDailyConsensusV1:provider_consensus_momentum,Bull -> RawProviderConsensusRiskOn -> CrossVenueMomentum -> ProviderRawDailyConsensusV1:provider_consensus_momentum,board-b-provider-raw-daily-consensus/v1,1d_hold_5,long_research_only_until_branch_rc_spa_passes,suppress_if_bull_raw_provider_branch_rc_spa_fails,long,1,105827.2,105499.9,-0.003092777660185675,0.0018,-0.004892777660185674,2025,source_panel_daily_asof,bybit_btc,btc_crossvenue,4,0.00037094414867534114
board-b-provider-raw-daily-consensus/v1,20260511T212329+0800-codex-board-b-provider-raw-daily-consensus-v1,ProviderRawDailyConsensusV1,provider_consensus_momentum,BTC/USDT,1d,ProviderRawDailyConsensusV1:provider_consensus_momentum:BTC/USDT:1d:bybit_btc:158,2025-06-08T00:00:00+00:00,2025-06-13T00:00:00+00:00,2025-06-08,^IXIC,Bull,0.9797225384,0.6,16.770000457763672,component_pass_from_205047_not_rescored_here,RawProviderConsensusRiskOn,CrossVenueMomentum,provider_raw_daily_consensus,ProviderRawDailyConsensusV1:provider_consensus_momentum,Bull -> RawProviderConsensusRiskOn -> CrossVenueMomentum -> ProviderRawDailyConsensusV1:provider_consensus_momentum,board-b-provider-raw-daily-consensus/v1,1d_hold_5,long_research_only_until_branch_rc_spa_passes,suppress_if_bull_raw_provider_branch_rc_spa_fails,long,1,105670.8,106023.1,0.0033339389878754844,0.0018,0.0015339389878754844,2025,source_panel_daily_asof,bybit_btc,btc_crossvenue,4,0.00048500603580261463
board-b-provider-raw-daily-consensus/v1,20260511T212329+0800-codex-board-b-provider-raw-daily-consensus-v1,ProviderRawDailyConsensusV1,provider_consensus_momentum,BTC/USDT,1d,ProviderRawDailyConsensusV1:provider_consensus_momentum:BTC/USDT:1d:bybit_btc:174,2025-06-24T00:00:00+00:00,2025-06-29T00:00:00+00:00,2025-06-24,^IXIC,Bull,0.9797225384,0.6,17.479999542236328,component_pass_from_205047_not_rescored_here,RawProviderConsensusRiskOn,CrossVenueMomentum,provider_raw_daily_consensus,ProviderRawDailyConsensusV1:provider_consensus_momentum,Bull -> RawProviderConsensusRiskOn -> CrossVenueMomentum -> ProviderRawDailyConsensusV1:provider_consensus_momentum,board-b-provider-raw-daily-consensus/v1,1d_hold_5,long_research_only_until_branch_rc_spa_passes,suppress_if_bull_raw_provider_branch_rc_spa_fails,long,1,106048.5,108314.8,0.02137041070830792,0.0018,0.01957041070830792,2025,source_panel_daily_asof,bybit_btc,btc_crossvenue,4,0.0002508040599242748
board-b-provider-raw-daily-consensus/v1,20260511T212329+0800-codex-board-b-provider-raw-daily-consensus-v1,ProviderRawDailyConsensusV1,provider_consensus_momentum,BTC/USDT,1d,ProviderRawDailyConsensusV1:provider_consensus_momentum:BTC/USDT:1d:bybit_btc:182,2025-07-02T00:00:00+00:00,2025-07-07T00:00:00+00:00,2025-07-02,^IXIC,Bull,0.9797225384,0.833,16.639999389648438,component_pass_from_205047_not_rescored_here,RawProviderConsensusRiskOn,CrossVenueMomentum,provider_raw_daily_consensus,ProviderRawDailyConsensusV1:provider_consensus_momentum,Bull -> RawProviderConsensusRiskOn -> CrossVenueMomentum -> ProviderRawDailyConsensusV1:provider_consensus_momentum,board-b-provider-raw-daily-consensus/v1,1d_hold_5,long_research_only_until_branch_rc_spa_passes,suppress_if_bull_raw_provider_branch_rc_spa_fails,long,1,108803.0,108200.0,-0.005542126595774022,0.0018,-0.007342126595774021,2025,source_panel_daily_asof,bybit_btc,btc_crossvenue,4,0.00023008733663085722
board-b-provider-raw-daily-consensus/v1,20260511T212329+0800-codex-board-b-provider-raw-daily-consensus-v1,ProviderRawDailyConsensusV1,provider_consensus_momentum,BTC/USDT,1d,ProviderRawDailyConsensusV1:provider_consensus_momentum:BTC/USDT:1d:bybit_btc:188,2025-07-08T00:00:00+00:00,2025-07-13T00:00:00+00:00,2025-07-08,^IXIC,Bull,0.9797225384,0.6,16.809999465942383,component_pass_from_205047_not_rescored_here,RawProviderConsensusRiskOn,CrossVenueMomentum,provider_raw_daily_consensus,ProviderRawDailyConsensusV1:provider_consensus_momentum,Bull -> RawProviderConsensusRiskOn -> CrossVenueMomentum -> ProviderRawDailyConsensusV1:provider_consensus_momentum,board-b-provider-raw-daily-consensus/v1,1d_hold_5,long_research_only_until_branch_rc_spa_passes,suppress_if_bull_raw_provider_branch_rc_spa_fails,long,1,108881.9,119050.2,0.0933883409455567,0.0018,0.0915883409455567,2025,source_panel_daily_asof,bybit_btc,btc_crossvenue,4,0.0002653414255073585
board-b-provider-raw-daily-consensus/v1,20260511T212329+0800-codex-board-b-provider-raw-daily-consensus-v1,ProviderRawDailyConsensusV1,provider_consensus_momentum,BTC/USDT,1d,ProviderRawDailyConsensusV1:provider_consensus_momentum:BTC/USDT:1d:bybit_btc:194,2025-07-14T00:00:00+00:00,2025-07-19T00:00:00+00:00,2025-07-14,^IXIC,Bull,0.9797225384,0.8,17.200000762939453,component_pass_from_205047_not_rescored_here,RawProviderConsensusRiskOn,CrossVenueMomentum,provider_raw_daily_consensus,ProviderRawDailyConsensusV1:provider_consensus_momentum,Bull -> RawProviderConsensusRiskOn -> CrossVenueMomentum -> ProviderRawDailyConsensusV1:provider_consensus_momentum,board-b-provider-raw-daily-consensus/v1,1d_hold_5,long_research_only_until_branch_rc_spa_passes,suppress_if_bull_raw_provider_branch_rc_spa_fails,long,1,119841.6,117842.1,-0.01668452357111383,0.0018,-0.01848452357111383,2025,source_panel_daily_asof,bybit_btc,btc_crossvenue,4,5.5822672051864864e-05
board-b-provider-raw-daily-consensus/v1,20260511T212329+0800-codex-board-b-provider-raw-daily-consensus-v1,ProviderRawDailyConsensusV1,provider_consensus_momentum,BTC/USDT,1d,ProviderRawDailyConsensusV1:provider_consensus_momentum:BTC/USDT:1d:bybit_btc:200,2025-07-20T00:00:00+00:00,2025-07-25T00:00:00+00:00,2025-07-20,^IXIC,Bull,0.9797225384,1.0,16.40999984741211,component_pass_from_205047_not_rescored_here,RawProviderConsensusRiskOn,CrossVenueMomentum,provider_raw_daily_consensus,ProviderRawDailyConsensusV1:provider_consensus_momentum,Bull -> RawProviderConsensusRiskOn -> CrossVenueMomentum -> ProviderRawDailyConsensusV1:provider_consensus_momentum,board-b-provider-raw-daily-consensus/v1,1d_hold_5,long_research_only_until_branch_rc_spa_passes,suppress_if_bull_raw_provider_branch_rc_spa_fails,long,1,117290.4,117616.3,0.002778573523493977,0.0018,0.0009785735234939768,2025,source_panel_daily_asof,bybit_btc,btc_crossvenue,4,0.0001920930633049634
board-b-provider-raw-daily-consensus/v1,20260511T212329+0800-codex-board-b-provider-raw-daily-consensus-v1,ProviderRawDailyConsensusV1,provider_consensus_momentum,BTC/USDT,1d,ProviderRawDailyConsensusV1:provider_consensus_momentum:BTC/USDT:1d:bybit_btc:206,2025-07-26T00:00:00+00:00,2025-07-31T00:00:00+00:00,2025-07-26,^IXIC,Bull,0.9797225384,0.8,14.93000030517578,component_pass_from_205047_not_rescored_here,RawProviderConsensusRiskOn,CrossVenueMomentum,provider_raw_daily_consensus,ProviderRawDailyConsensusV1:provider_consensus_momentum,Bull -> RawProviderConsensusRiskOn -> CrossVenueMomentum -> ProviderRawDailyConsensusV1:provider_consensus_momentum,board-b-provider-raw-daily-consensus/v1,1d_hold_5,long_research_only_until_branch_rc_spa_passes,suppress_if_bull_raw_provider_branch_rc_spa_fails,long,1,117898.8,115680.1,-0.018818681784717017,0.0018,-0.020618681784717017,2025,source_panel_daily_asof,bybit_btc,btc_crossvenue,4,0.00018086071605770277
board-b-provider-raw-daily-consensus/v1,20260511T212329+0800-codex-board-b-provider-raw-daily-consensus-v1,ProviderRawDailyConsensusV1,provider_consensus_momentum,BTC/USDT,1d,ProviderRawDailyConsensusV1:provider_consensus_momentum:BTC/USDT:1d:bybit_btc:221,2025-08-10T00:00:00+00:00,2025-08-15T00:00:00+00:00,2025-08-10,^IXIC,Bull,0.9797225384,0.6,15.149999618530272,component_pass_from_205047_not_rescored_here,RawProviderConsensusRiskOn,CrossVenueMomentum,provider_raw_daily_consensus,ProviderRawDailyConsensusV1:provider_consensus_momentum,Bull -> RawProviderConsensusRiskOn -> CrossVenueMomentum -> ProviderRawDailyConsensusV1:provider_consensus_momentum,board-b-provider-raw-daily-consensus/v1,1d_hold_5,long_research_only_until_branch_rc_spa_passes,suppress_if_bull_raw_provider_branch_rc_spa_fails,long,1,119271.8,117280.8,-0.016692965143479066,0.0018,-0.018492965143479066,2025,source_panel_daily_asof,bybit_btc,btc_crossvenue,4,0.00012152432962939062
board-b-provider-raw-daily-consensus/v1,20260511T212329+0800-codex-board-b-provider-raw-daily-consensus-v1,ProviderRawDailyConsensusV1,provider_consensus_momentum,BTC/USDT,1d,ProviderRawDailyConsensusV1:provider_consensus_momentum:BTC/USDT:1d:bybit_btc:233,2025-08-22T00:00:00+00:00,2025-08-27T00:00:00+00:00,2025-08-22,^IXIC,Bull,0.9797225384,0.6,14.220000267028809,component_pass_from_205047_not_rescored_here,RawProviderConsensusRiskOn,CrossVenueMomentum,provider_raw_daily_consensus,ProviderRawDailyConsensusV1:provider_consensus_momentum,Bull -> RawProviderConsensusRiskOn -> CrossVenueMomentum -> ProviderRawDailyConsensusV1:provider_consensus_momentum,board-b-provider-raw-daily-consensus/v1,1d_hold_5,long_research_only_until_branch_rc_spa_passes,suppress_if_bull_raw_provider_branch_rc_spa_fails,long,1,116899.8,111184.3,-0.048892299216936164,0.0018,-0.05069229921693617,2025,source_panel_daily_asof,bybit_btc,btc_crossvenue,4,0.00042499401891445295
board-b-provider-raw-daily-consensus/v1,20260511T212329+0800-codex-board-b-provider-raw-daily-consensus-v1,ProviderRawDailyConsensusV1,provider_consensus_momentum,BTC/USDT,1d,ProviderRawDailyConsensusV1:provider_consensus_momentum:BTC/USDT:1d:bybit_btc:252,2025-09-10T00:00:00+00:00,2025-09-15T00:00:00+00:00,2025-09-10,^IXIC,Bull,0.9797225384,0.6,15.350000381469728,component_pass_from_205047_not_rescored_here,RawProviderConsensusRiskOn,CrossVenueMomentum,provider_raw_daily_consensus,ProviderRawDailyConsensusV1:provider_consensus_momentum,Bull -> RawProviderConsensusRiskOn -> CrossVenueMomentum -> ProviderRawDailyConsensusV1:provider_consensus_momentum,board-b-provider-raw-daily-consensus/v1,1d_hold_5,long_research_only_until_branch_rc_spa_passes,suppress_if_bull_raw_provider_branch_rc_spa_fails,long,1,113890.0,115315.6,0.012517341294231432,0.0018,0.010717341294231433,2025,source_panel_daily_asof,bybit_btc,btc_crossvenue,4,0.00029100087545262475
board-b-provider-raw-daily-consensus/v1,20260511T212329+0800-codex-board-b-provider-raw-daily-consensus-v1,ProviderRawDailyConsensusV1,provider_consensus_momentum,BTC/USDT,1d,ProviderRawDailyConsensusV1:provider_consensus_momentum:BTC/USDT:1d:bybit_btc:258,2025-09-16T00:00:00+00:00,2025-09-21T00:00:00+00:00,2025-09-16,^IXIC,Bull,0.9797225384,0.8,16.360000610351562,component_pass_from_205047_not_rescored_here,RawProviderConsensusRiskOn,CrossVenueMomentum,provider_raw_daily_consensus,ProviderRawDailyConsensusV1:provider_consensus_momentum,Bull -> RawProviderConsensusRiskOn -> CrossVenueMomentum -> ProviderRawDailyConsensusV1:provider_consensus_momentum,board-b-provider-raw-daily-consensus/v1,1d_hold_5,long_research_only_until_branch_rc_spa_passes,suppress_if_bull_raw_provider_branch_rc_spa_fails,long,1,116748.9,115173.4,-0.013494773826562834,0.0018,-0.015294773826562833,2025,source_panel_daily_asof,bybit_btc,btc_crossvenue,4,0.000354128286273778
board-b-provider-raw-daily-consensus/v1,20260511T212329+0800-codex-board-b-provider-raw-daily-consensus-v1,ProviderRawDailyConsensusV1,provider_consensus_momentum,BTC/USDT,1d,ProviderRawDailyConsensusV1:provider_consensus_momentum:BTC/USDT:1d:bybit_btc:271,2025-09-29T00:00:00+00:00,2025-10-04T00:00:00+00:00,2025-09-29,^IXIC,Bull,0.9797225384,1.0,16.1200008392334,component_pass_from_205047_not_rescored_here,RawProviderConsensusRiskOn,CrossVenueMomentum,provider_raw_daily_consensus,ProviderRawDailyConsensusV1:provider_consensus_momentum,Bull -> RawProviderConsensusRiskOn -> CrossVenueMomentum -> ProviderRawDailyConsensusV1:provider_consensus_momentum,board-b-provider-raw-daily-consensus/v1,1d_hold_5,long_research_only_until_branch_rc_spa_passes,suppress_if_bull_raw_provider_branch_rc_spa_fails,long,1,114251.4,122359.3,0.07096543237106956,0.0018,0.06916543237106956,2025,source_panel_daily_asof,bybit_btc,btc_crossvenue,4,0.0005685136824625679
board-b-provider-raw-daily-consensus/v1,20260511T212329+0800-codex-board-b-provider-raw-daily-consensus-v1,ProviderRawDailyConsensusV1,provider_consensus_momentum,BTC/USDT,1d,ProviderRawDailyConsensusV1:provider_consensus_momentum:BTC/USDT:1d:bybit_btc:277,2025-10-05T00:00:00+00:00,2025-10-10T00:00:00+00:00,2025-10-05,^IXIC,Bull,0.9797225384,0.6,16.649999618530273,component_pass_from_205047_not_rescored_here,RawProviderConsensusRiskOn,CrossVenueMomentum,provider_raw_daily_consensus,ProviderRawDailyConsensusV1:provider_consensus_momentum,Bull -> RawProviderConsensusRiskOn -> CrossVenueMomentum -> ProviderRawDailyConsensusV1:provider_consensus_momentum,board-b-provider-raw-daily-consensus/v1,1d_hold_5,long_research_only_until_branch_rc_spa_passes,suppress_if_bull_raw_provider_branch_rc_spa_fails,long,1,123447.9,112732.5,-0.08680099053932866,0.0018,-0.08860099053932866,2025,source_panel_daily_asof,bybit_btc,btc_crossvenue,4,0.0003282778109451256
board-b-provider-raw-daily-consensus/v1,20260511T212329+0800-codex-board-b-provider-raw-daily-consensus-v1,ProviderRawDailyConsensusV1,provider_pullback_reclaim,BTC/USDT,1d,ProviderRawDailyConsensusV1:provider_pullback_reclaim:BTC/USDT:1d:bybit_btc:156,2025-06-06T00:00:00+00:00,2025-06-10T00:00:00+00:00,2025-06-06,^IXIC,Bull,0.9797225384,0.6,16.770000457763672,component_pass_from_205047_not_rescored_here,RawProviderConsensusRiskOn,CrossVenueMomentum,provider_raw_daily_consensus,ProviderRawDailyConsensusV1:provider_pullback_reclaim,Bull -> RawProviderConsensusRiskOn -> CrossVenueMomentum -> ProviderRawDailyConsensusV1:provider_pullback_reclaim,board-b-provider-raw-daily-consensus/v1,1d_hold_4,long_research_only_until_branch_rc_spa_passes,suppress_if_bull_raw_provider_branch_rc_spa_fails,long,1,104227.5,110227.5,0.057566381233359776,0.0018,0.05576638123335977,2025,source_panel_daily_asof,bybit_btc,btc_crossvenue,4,0.0007348714929945373
board-b-provider-raw-daily-consensus/v1,20260511T212329+0800-codex-board-b-provider-raw-daily-consensus-v1,ProviderRawDailyConsensusV1,provider_pullback_reclaim,BTC/USDT,1d,ProviderRawDailyConsensusV1:provider_pullback_reclaim:BTC/USDT:1d:bybit_btc:214,2025-08-03T00:00:00+00:00,2025-08-07T00:00:00+00:00,2025-08-03,^IXIC,Bull,0.9797225384,0.6,20.3799991607666,component_pass_from_205047_not_rescored_here,RawProviderConsensusRiskOn,CrossVenueMomentum,provider_raw_daily_consensus,ProviderRawDailyConsensusV1:provider_pullback_reclaim,Bull -> RawProviderConsensusRiskOn -> CrossVenueMomentum -> ProviderRawDailyConsensusV1:provider_pullback_reclaim,board-b-provider-raw-daily-consensus/v1,1d_hold_4,long_research_only_until_branch_rc_spa_passes,suppress_if_bull_raw_provider_branch_rc_spa_fails,long,1,114147.1,117399.9,0.028496562768567824,0.0018,0.026696562768567824,2025,source_panel_daily_asof,bybit_btc,btc_crossvenue,4,0.00031028111084743695
board-b-provider-raw-daily-consensus/v1,20260511T212329+0800-codex-board-b-provider-raw-daily-consensus-v1,ProviderRawDailyConsensusV1,btc_crossvenue_carry,BTC/USDT,1d,ProviderRawDailyConsensusV1:btc_crossvenue_carry:BTC/USDT:1d:bybit_btc:5,2025-01-06T00:00:00+00:00,2025-01-11T00:00:00+00:00,2025-01-06,^IXIC,Bull,0.9797225384,0.6,16.040000915527344,component_pass_from_205047_not_rescored_here,RawProviderConsensusRiskOn,CrossVenueMomentum,provider_raw_daily_consensus,ProviderRawDailyConsensusV1:btc_crossvenue_carry,Bull -> RawProviderConsensusRiskOn -> CrossVenueMomentum -> ProviderRawDailyConsensusV1:btc_crossvenue_carry,board-b-provider-raw-daily-consensus/v1,1d_hold_5,long_research_only_until_branch_rc_spa_passes,suppress_if_bull_raw_provider_branch_rc_spa_fails,long,1,102185.9,94569.4,-0.0745357236174462,0.0018,-0.0763357236174462,2025,source_panel_daily_asof,bybit_btc,btc_crossvenue,4,0.0006981950461771238
board-b-provider-raw-daily-consensus/v1,20260511T212329+0800-codex-board-b-provider-raw-daily-consensus-v1,ProviderRawDailyConsensusV1,btc_crossvenue_carry,BTC/USDT,1d,ProviderRawDailyConsensusV1:btc_crossvenue_carry:BTC/USDT:1d:bybit_btc:20,2025-01-21T00:00:00+00:00,2025-01-26T00:00:00+00:00,2025-01-21,^IXIC,Bull,0.9797225384,0.6,15.0600004196167,component_pass_from_205047_not_rescored_here,RawProviderConsensusRiskOn,CrossVenueMomentum,provider_raw_daily_consensus,ProviderRawDailyConsensusV1:btc_crossvenue_carry,Bull -> RawProviderConsensusRiskOn -> CrossVenueMomentum -> ProviderRawDailyConsensusV1:btc_crossvenue_carry,board-b-provider-raw-daily-consensus/v1,1d_hold_5,long_research_only_until_branch_rc_spa_passes,suppress_if_bull_raw_provider_branch_rc_spa_fails,long,1,106133.3,102553.7,-0.03372739752744902,0.0018,-0.035527397527449024,2025,source_panel_daily_asof,bybit_btc,btc_crossvenue,4,0.0001150192435464935
board-b-provider-raw-daily-consensus/v1,20260511T212329+0800-codex-board-b-provider-raw-daily-consensus-v1,ProviderRawDailyConsensusV1,btc_crossvenue_carry,BTC/USDT,1d,ProviderRawDailyConsensusV1:btc_crossvenue_carry:BTC/USDT:1d:bybit_btc:29,2025-01-30T00:00:00+00:00,2025-02-04T00:00:00+00:00,2025-01-30,^IXIC,Bull,0.9797225384,0.6,15.84000015258789,component_pass_from_205047_not_rescored_here,RawProviderConsensusRiskOn,CrossVenueMomentum,provider_raw_daily_consensus,ProviderRawDailyConsensusV1:btc_crossvenue_carry,Bull -> RawProviderConsensusRiskOn -> CrossVenueMomentum -> ProviderRawDailyConsensusV1:btc_crossvenue_carry,board-b-provider-raw-daily-consensus/v1,1d_hold_5,long_research_only_until_branch_rc_spa_passes,suppress_if_bull_raw_provider_branch_rc_spa_fails,long,1,104684.6,97706.0,-0.06666310039872159,0.0018,-0.06846310039872158,2025,source_panel_daily_asof,bybit_btc,btc_crossvenue,4,0.0002678195323553804
board-b-provider-raw-daily-consensus/v1,20260511T212329+0800-codex-board-b-provider-raw-daily-consensus-v1,ProviderRawDailyConsensusV1,btc_crossvenue_carry,BTC/USDT,1d,ProviderRawDailyConsensusV1:btc_crossvenue_carry:BTC/USDT:1d:bybit_btc:121,2025-05-02T00:00:00+00:00,2025-05-07T00:00:00+00:00,2025-05-02,^IXIC,Bull,0.9797225384,0.222,22.68000030517578,component_pass_from_205047_not_rescored_here,RawProviderConsensusRiskOn,CrossVenueMomentum,provider_raw_daily_consensus,ProviderRawDailyConsensusV1:btc_crossvenue_carry,Bull -> RawProviderConsensusRiskOn -> CrossVenueMomentum -> ProviderRawDailyConsensusV1:btc_crossvenue_carry,board-b-provider-raw-daily-consensus/v1,1d_hold_5,long_research_only_until_branch_rc_spa_passes,suppress_if_bull_raw_provider_branch_rc_spa_fails,long,1,96833.5,96988.1,0.0015965549112653132,0.0018,-0.00020344508873468671,2025,source_panel_daily_asof,bybit_btc,btc_crossvenue,4,0.0004009046279861136
board-b-provider-raw-daily-consensus/v1,20260511T212329+0800-codex-board-b-provider-raw-daily-consensus-v1,ProviderRawDailyConsensusV1,btc_crossvenue_carry,BTC/USDT,1d,ProviderRawDailyConsensusV1:btc_crossvenue_carry:BTC/USDT:1d:bybit_btc:128,2025-05-09T00:00:00+00:00,2025-05-14T00:00:00+00:00,2025-05-09,^IXIC,Bull,0.9797225384,0.667,21.899999618530273,component_pass_from_205047_not_rescored_here,RawProviderConsensusRiskOn,CrossVenueMomentum,provider_raw_daily_consensus,ProviderRawDailyConsensusV1:btc_crossvenue_carry,Bull -> RawProviderConsensusRiskOn -> CrossVenueMomentum -> ProviderRawDailyConsensusV1:btc_crossvenue_carry,board-b-provider-raw-daily-consensus/v1,1d_hold_5,long_research_only_until_branch_rc_spa_passes,suppress_if_bull_raw_provider_branch_rc_spa_fails,long,1,102931.2,103445.0,0.004991683765466659,0.0018,0.003191683765466659,2025,source_panel_daily_asof,bybit_btc,btc_crossvenue,4,0.00020575383982511015
board-b-provider-raw-daily-consensus/v1,20260511T212329+0800-codex-board-b-provider-raw-daily-consensus-v1,ProviderRawDailyConsensusV1,btc_crossvenue_carry,BTC/USDT,1d,ProviderRawDailyConsensusV1:btc_crossvenue_carry:BTC/USDT:1d:bybit_btc:136,2025-05-17T00:00:00+00:00,2025-05-22T00:00:00+00:00,2025-05-17,^IXIC,Bull,0.9797225384,0.8,17.239999771118164,component_pass_from_205047_not_rescored_here,RawProviderConsensusRiskOn,CrossVenueMomentum,provider_raw_daily_consensus,ProviderRawDailyConsensusV1:btc_crossvenue_carry,Bull -> RawProviderConsensusRiskOn -> CrossVenueMomentum -> ProviderRawDailyConsensusV1:btc_crossvenue_carry,board-b-provider-raw-daily-consensus/v1,1d_hold_5,long_research_only_until_branch_rc_spa_passes,suppress_if_bull_raw_provider_branch_rc_spa_fails,long,1,103081.2,111646.5,0.08309274630097452,0.0018,0.08129274630097452,2025,source_panel_daily_asof,bybit_btc,btc_crossvenue,4,0.00047084299368549865
board-b-provider-raw-daily-consensus/v1,20260511T212329+0800-codex-board-b-provider-raw-daily-consensus-v1,ProviderRawDailyConsensusV1,btc_crossvenue_carry,BTC/USDT,1d,ProviderRawDailyConsensusV1:btc_crossvenue_carry:BTC/USDT:1d:bybit_btc:142,2025-05-23T00:00:00+00:00,2025-05-28T00:00:00+00:00,2025-05-23,^IXIC,Bull,0.9797225384,0.6,22.290000915527344,component_pass_from_205047_not_rescored_here,RawProviderConsensusRiskOn,CrossVenueMomentum,provider_raw_daily_consensus,ProviderRawDailyConsensusV1:btc_crossvenue_carry,Bull -> RawProviderConsensusRiskOn -> CrossVenueMomentum -> ProviderRawDailyConsensusV1:btc_crossvenue_carry,board-b-provider-raw-daily-consensus/v1,1d_hold_5,long_research_only_until_branch_rc_spa_passes,suppress_if_bull_raw_provider_branch_rc_spa_fails,long,1,107275.9,107738.9,0.004315974044496462,0.0018,0.0025159740444964623,2025,source_panel_daily_asof,bybit_btc,btc_crossvenue,4,0.00024813812401710845
board-b-provider-raw-daily-consensus/v1,20260511T212329+0800-codex-board-b-provider-raw-daily-consensus-v1,ProviderRawDailyConsensusV1,btc_crossvenue_carry,BTC/USDT,1d,ProviderRawDailyConsensusV1:btc_crossvenue_carry:BTC/USDT:1d:bybit_btc:158,2025-06-08T00:00:00+00:00,2025-06-13T00:00:00+00:00,2025-06-08,^IXIC,Bull,0.9797225384,0.6,16.770000457763672,component_pass_from_205047_not_rescored_here,RawProviderConsensusRiskOn,CrossVenueMomentum,provider_raw_daily_consensus,ProviderRawDailyConsensusV1:btc_crossvenue_carry,Bull -> RawProviderConsensusRiskOn -> CrossVenueMomentum -> ProviderRawDailyConsensusV1:btc_crossvenue_carry,board-b-provider-raw-daily-consensus/v1,1d_hold_5,long_research_only_until_branch_rc_spa_passes,suppress_if_bull_raw_provider_branch_rc_spa_fails,long,1,105670.8,106023.1,0.0033339389878754844,0.0018,0.0015339389878754844,2025,source_panel_daily_asof,bybit_btc,btc_crossvenue,4,0.00048500603580261463
board-b-provider-raw-daily-consensus/v1,20260511T212329+0800-codex-board-b-provider-raw-daily-consensus-v1,ProviderRawDailyConsensusV1,btc_crossvenue_carry,BTC/USDT,1d,ProviderRawDailyConsensusV1:btc_crossvenue_carry:BTC/USDT:1d:bybit_btc:174,2025-06-24T00:00:00+00:00,2025-06-29T00:00:00+00:00,2025-06-24,^IXIC,Bull,0.9797225384,0.6,17.479999542236328,component_pass_from_205047_not_rescored_here,RawProviderConsensusRiskOn,CrossVenueMomentum,provider_raw_daily_consensus,ProviderRawDailyConsensusV1:btc_crossvenue_carry,Bull -> RawProviderConsensusRiskOn -> CrossVenueMomentum -> ProviderRawDailyConsensusV1:btc_crossvenue_carry,board-b-provider-raw-daily-consensus/v1,1d_hold_5,long_research_only_until_branch_rc_spa_passes,suppress_if_bull_raw_provider_branch_rc_spa_fails,long,1,106048.5,108314.8,0.02137041070830792,0.0018,0.01957041070830792,2025,source_panel_daily_asof,bybit_btc,btc_crossvenue,4,0.0002508040599242748
board-b-provider-raw-daily-consensus/v1,20260511T212329+0800-codex-board-b-provider-raw-daily-consensus-v1,ProviderRawDailyConsensusV1,btc_crossvenue_carry,BTC/USDT,1d,ProviderRawDailyConsensusV1:btc_crossvenue_carry:BTC/USDT:1d:bybit_btc:182,2025-07-02T00:00:00+00:00,2025-07-07T00:00:00+00:00,2025-07-02,^IXIC,Bull,0.9797225384,0.833,16.639999389648438,component_pass_from_205047_not_rescored_here,RawProviderConsensusRiskOn,CrossVenueMomentum,provider_raw_daily_consensus,ProviderRawDailyConsensusV1:btc_crossvenue_carry,Bull -> RawProviderConsensusRiskOn -> CrossVenueMomentum -> ProviderRawDailyConsensusV1:btc_crossvenue_carry,board-b-provider-raw-daily-consensus/v1,1d_hold_5,long_research_only_until_branch_rc_spa_passes,suppress_if_bull_raw_provider_branch_rc_spa_fails,long,1,108803.0,108200.0,-0.005542126595774022,0.0018,-0.007342126595774021,2025,source_panel_daily_asof,bybit_btc,btc_crossvenue,4,0.00023008733663085722
board-b-provider-raw-daily-consensus/v1,20260511T212329+0800-codex-board-b-provider-raw-daily-consensus-v1,ProviderRawDailyConsensusV1,btc_crossvenue_carry,BTC/USDT,1d,ProviderRawDailyConsensusV1:btc_crossvenue_carry:BTC/USDT:1d:bybit_btc:189,2025-07-09T00:00:00+00:00,2025-07-14T00:00:00+00:00,2025-07-09,^IXIC,Bull,0.9797225384,1.0,15.9399995803833,component_pass_from_205047_not_rescored_here,RawProviderConsensusRiskOn,CrossVenueMomentum,provider_raw_daily_consensus,ProviderRawDailyConsensusV1:btc_crossvenue_carry,Bull -> RawProviderConsensusRiskOn -> CrossVenueMomentum -> ProviderRawDailyConsensusV1:btc_crossvenue_carry,board-b-provider-raw-daily-consensus/v1,1d_hold_5,long_research_only_until_branch_rc_spa_passes,suppress_if_bull_raw_provider_branch_rc_spa_fails,long,1,111209.7,119841.6,0.07761822934510221,0.0018,0.07581822934510221,2025,source_panel_daily_asof,bybit_btc,btc_crossvenue,4,0.0005433218925179736
board-b-provider-raw-daily-consensus/v1,20260511T212329+0800-codex-board-b-provider-raw-daily-consensus-v1,ProviderRawDailyConsensusV1,btc_crossvenue_carry,BTC/USDT,1d,ProviderRawDailyConsensusV1:btc_crossvenue_carry:BTC/USDT:1d:bybit_btc:195,2025-07-15T00:00:00+00:00,2025-07-20T00:00:00+00:00,2025-07-15,^IXIC,Bull,0.9797225384,1.0,17.3799991607666,component_pass_from_205047_not_rescored_here,RawProviderConsensusRiskOn,CrossVenueMomentum,provider_raw_daily_consensus,ProviderRawDailyConsensusV1:btc_crossvenue_carry,Bull -> RawProviderConsensusRiskOn -> CrossVenueMomentum -> ProviderRawDailyConsensusV1:btc_crossvenue_carry,board-b-provider-raw-daily-consensus/v1,1d_hold_5,long_research_only_until_branch_rc_spa_passes,suppress_if_bull_raw_provider_branch_rc_spa_fails,long,1,117745.7,117290.4,-0.003866807874937317,0.0018,-0.0056668078749373164,2025,source_panel_daily_asof,bybit_btc,btc_crossvenue,4,0.00013722972088705323
board-b-provider-raw-daily-consensus/v1,20260511T212329+0800-codex-board-b-provider-raw-daily-consensus-v1,ProviderRawDailyConsensusV1,btc_crossvenue_carry,BTC/USDT,1d,ProviderRawDailyConsensusV1:btc_crossvenue_carry:BTC/USDT:1d:bybit_btc:202,2025-07-22T00:00:00+00:00,2025-07-27T00:00:00+00:00,2025-07-22,^IXIC,Bull,0.9797225384,1.0,16.5,component_pass_from_205047_not_rescored_here,RawProviderConsensusRiskOn,CrossVenueMomentum,provider_raw_daily_consensus,ProviderRawDailyConsensusV1:btc_crossvenue_carry,Bull -> RawProviderConsensusRiskOn -> CrossVenueMomentum -> ProviderRawDailyConsensusV1:btc_crossvenue_carry,board-b-provider-raw-daily-consensus/v1,1d_hold_5,long_research_only_until_branch_rc_spa_passes,suppress_if_bull_raw_provider_branch_rc_spa_fails,long,1,120043.6,119429.9,-0.005112309194326148,0.0018,-0.006912309194326147,2025,source_panel_daily_asof,bybit_btc,btc_crossvenue,4,0.00031533123237456357
board-b-provider-raw-daily-consensus/v1,20260511T212329+0800-codex-board-b-provider-raw-daily-consensus-v1,ProviderRawDailyConsensusV1,btc_crossvenue_carry,BTC/USDT,1d,ProviderRawDailyConsensusV1:btc_crossvenue_carry:BTC/USDT:1d:bybit_btc:210,2025-07-30T00:00:00+00:00,2025-08-04T00:00:00+00:00,2025-07-30,^IXIC,Bull,0.9797225384,0.8,15.479999542236328,component_pass_from_205047_not_rescored_here,RawProviderConsensusRiskOn,CrossVenueMomentum,provider_raw_daily_consensus,ProviderRawDailyConsensusV1:btc_crossvenue_carry,Bull -> RawProviderConsensusRiskOn -> CrossVenueMomentum -> ProviderRawDailyConsensusV1:btc_crossvenue_carry,board-b-provider-raw-daily-consensus/v1,1d_hold_5,long_research_only_until_branch_rc_spa_passes,suppress_if_bull_raw_provider_branch_rc_spa_fails,long,1,117781.6,115006.0,-0.02356565032229152,0.0018,-0.02536565032229152,2025,source_panel_daily_asof,bybit_btc,btc_crossvenue,4,0.00021928105971965778
board-b-provider-raw-daily-consensus/v1,20260511T212329+0800-codex-board-b-provider-raw-daily-consensus-v1,ProviderRawDailyConsensusV1,btc_crossvenue_carry,BTC/USDT,1d,ProviderRawDailyConsensusV1:btc_crossvenue_carry:BTC/USDT:1d:bybit_btc:218,2025-08-07T00:00:00+00:00,2025-08-12T00:00:00+00:00,2025-08-07,^IXIC,Bull,0.9797225384,0.6,16.56999969482422,component_pass_from_205047_not_rescored_here,RawProviderConsensusRiskOn,CrossVenueMomentum,provider_raw_daily_consensus,ProviderRawDailyConsensusV1:btc_crossvenue_carry,Bull -> RawProviderConsensusRiskOn -> CrossVenueMomentum -> ProviderRawDailyConsensusV1:btc_crossvenue_carry,board-b-provider-raw-daily-consensus/v1,1d_hold_5,long_research_only_until_branch_rc_spa_passes,suppress_if_bull_raw_provider_branch_rc_spa_fails,long,1,117399.9,120090.5,0.022918247800892466,0.0018,0.021118247800892467,2025,source_panel_daily_asof,bybit_btc,btc_crossvenue,4,0.0003927832314655282
board-b-provider-raw-daily-consensus/v1,20260511T212329+0800-codex-board-b-provider-raw-daily-consensus-v1,ProviderRawDailyConsensusV1,btc_crossvenue_carry,BTC/USDT,1d,ProviderRawDailyConsensusV1:btc_crossvenue_carry:BTC/USDT:1d:bybit_btc:224,2025-08-13T00:00:00+00:00,2025-08-18T00:00:00+00:00,2025-08-13,^IXIC,Bull,0.9797225384,0.6,14.489999771118164,component_pass_from_205047_not_rescored_here,RawProviderConsensusRiskOn,CrossVenueMomentum,provider_raw_daily_consensus,ProviderRawDailyConsensusV1:btc_crossvenue_carry,Bull -> RawProviderConsensusRiskOn -> CrossVenueMomentum -> ProviderRawDailyConsensusV1:btc_crossvenue_carry,board-b-provider-raw-daily-consensus/v1,1d_hold_5,long_research_only_until_branch_rc_spa_passes,suppress_if_bull_raw_provider_branch_rc_spa_fails,long,1,123348.0,116168.0,-0.05820929402989916,0.0018,-0.060009294029899164,2025,source_panel_daily_asof,bybit_btc,btc_crossvenue,4,0.00017507154598087106
board-b-provider-raw-daily-consensus/v1,20260511T212329+0800-codex-board-b-provider-raw-daily-consensus-v1,ProviderRawDailyConsensusV1,btc_crossvenue_carry,BTC/USDT,1d,ProviderRawDailyConsensusV1:btc_crossvenue_carry:BTC/USDT:1d:bybit_btc:250,2025-09-08T00:00:00+00:00,2025-09-13T00:00:00+00:00,2025-09-08,^IXIC,Bull,0.9797225384,0.6,15.109999656677246,component_pass_from_205047_not_rescored_here,RawProviderConsensusRiskOn,CrossVenueMomentum,provider_raw_daily_consensus,ProviderRawDailyConsensusV1:btc_crossvenue_carry,Bull -> RawProviderConsensusRiskOn -> CrossVenueMomentum -> ProviderRawDailyConsensusV1:btc_crossvenue_carry,board-b-provider-raw-daily-consensus/v1,1d_hold_5,long_research_only_until_branch_rc_spa_passes,suppress_if_bull_raw_provider_branch_rc_spa_fails,long,1,112011.3,115849.6,0.03426707841083898,0.0018,0.03246707841083898,2025,source_panel_daily_asof,bybit_btc,btc_crossvenue,4,0.00024099932489533602
board-b-provider-raw-daily-consensus/v1,20260511T212329+0800-codex-board-b-provider-raw-daily-consensus-v1,ProviderRawDailyConsensusV1,btc_crossvenue_carry,BTC/USDT,1d,ProviderRawDailyConsensusV1:btc_crossvenue_carry:BTC/USDT:1d:bybit_btc:256,2025-09-14T00:00:00+00:00,2025-09-19T00:00:00+00:00,2025-09-14,^IXIC,Bull,0.9797225384,0.8,14.760000228881836,component_pass_from_205047_not_rescored_here,RawProviderConsensusRiskOn,CrossVenueMomentum,provider_raw_daily_consensus,ProviderRawDailyConsensusV1:btc_crossvenue_carry,Bull -> RawProviderConsensusRiskOn -> CrossVenueMomentum -> ProviderRawDailyConsensusV1:btc_crossvenue_carry,board-b-provider-raw-daily-consensus/v1,1d_hold_5,long_research_only_until_branch_rc_spa_passes,suppress_if_bull_raw_provider_branch_rc_spa_fails,long,1,115214.4,115572.9,0.003111590217889537,0.0018,0.0013115902178895372,2025,source_panel_daily_asof,bybit_btc,btc_crossvenue,4,0.0008152754532582859
board-b-provider-raw-daily-consensus/v1,20260511T212329+0800-codex-board-b-provider-raw-daily-consensus-v1,ProviderRawDailyConsensusV1,btc_crossvenue_carry,BTC/USDT,1d,ProviderRawDailyConsensusV1:btc_crossvenue_carry:BTC/USDT:1d:bybit_btc:262,2025-09-20T00:00:00+00:00,2025-09-25T00:00:00+00:00,2025-09-20,^IXIC,Bull,0.9797225384,1.0,15.449999809265137,component_pass_from_205047_not_rescored_here,RawProviderConsensusRiskOn,CrossVenueMomentum,provider_raw_daily_consensus,ProviderRawDailyConsensusV1:btc_crossvenue_carry,Bull -> RawProviderConsensusRiskOn -> CrossVenueMomentum -> ProviderRawDailyConsensusV1:btc_crossvenue_carry,board-b-provider-raw-daily-consensus/v1,1d_hold_5,long_research_only_until_branch_rc_spa_passes,suppress_if_bull_raw_provider_branch_rc_spa_fails,long,1,115628.9,108931.3,-0.057923235454112154,0.0018,-0.05972323545411216,2025,source_panel_daily_asof,bybit_btc,btc_crossvenue,4,0.0004211619450187793
board-b-provider-raw-daily-consensus/v1,20260511T212329+0800-codex-board-b-provider-raw-daily-consensus-v1,ProviderRawDailyConsensusV1,btc_crossvenue_carry,BTC/USDT,1d,ProviderRawDailyConsensusV1:btc_crossvenue_carry:BTC/USDT:1d:bybit_btc:271,2025-09-29T00:00:00+00:00,2025-10-04T00:00:00+00:00,2025-09-29,^IXIC,Bull,0.9797225384,1.0,16.1200008392334,component_pass_from_205047_not_rescored_here,RawProviderConsensusRiskOn,CrossVenueMomentum,provider_raw_daily_consensus,ProviderRawDailyConsensusV1:btc_crossvenue_carry,Bull -> RawProviderConsensusRiskOn -> CrossVenueMomentum -> ProviderRawDailyConsensusV1:btc_crossvenue_carry,board-b-provider-raw-daily-consensus/v1,1d_hold_5,long_research_only_until_branch_rc_spa_passes,suppress_if_bull_raw_provider_branch_rc_spa_fails,long,1,114251.4,122359.3,0.07096543237106956,0.0018,0.06916543237106956,2025,source_panel_daily_asof,bybit_btc,btc_crossvenue,4,0.0005685136824625679
board-b-provider-raw-daily-consensus/v1,20260511T212329+0800-codex-board-b-provider-raw-daily-consensus-v1,ProviderRawDailyConsensusV1,btc_crossvenue_carry,BTC/USDT,1d,ProviderRawDailyConsensusV1:btc_crossvenue_carry:BTC/USDT:1d:bybit_btc:277,2025-10-05T00:00:00+00:00,2025-10-10T00:00:00+00:00,2025-10-05,^IXIC,Bull,0.9797225384,0.6,16.649999618530273,component_pass_from_205047_not_rescored_here,RawProviderConsensusRiskOn,CrossVenueMomentum,provider_raw_daily_consensus,ProviderRawDailyConsensusV1:btc_crossvenue_carry,Bull -> RawProviderConsensusRiskOn -> CrossVenueMomentum -> ProviderRawDailyConsensusV1:btc_crossvenue_carry,board-b-provider-raw-daily-consensus/v1,1d_hold_5,long_research_only_until_branch_rc_spa_passes,suppress_if_bull_raw_provider_branch_rc_spa_fails,long,1,123447.9,112732.5,-0.08680099053932866,0.0018,-0.08860099053932866,2025,source_panel_daily_asof,bybit_btc,btc_crossvenue,4,0.0003282778109451256
board-b-provider-raw-daily-consensus/v1,20260511T212329+0800-codex-board-b-provider-raw-daily-consensus-v1,ProviderRawDailyConsensusV1,btc_crossvenue_carry,BTC/USDT,1d,ProviderRawDailyConsensusV1:btc_crossvenue_carry:BTC/USDT:1d:bybit_btc:298,2025-10-26T00:00:00+00:00,2025-10-31T00:00:00+00:00,2025-10-26,^IXIC,Bull,0.9797225384,0.6,16.3700008392334,component_pass_from_205047_not_rescored_here,RawProviderConsensusRiskOn,CrossVenueMomentum,provider_raw_daily_consensus,ProviderRawDailyConsensusV1:btc_crossvenue_carry,Bull -> RawProviderConsensusRiskOn -> CrossVenueMomentum -> ProviderRawDailyConsensusV1:btc_crossvenue_carry,board-b-provider-raw-daily-consensus/v1,1d_hold_5,long_research_only_until_branch_rc_spa_passes,suppress_if_bull_raw_provider_branch_rc_spa_fails,long,1,114498.3,109546.7,-0.04324605692835615,0.0018,-0.04504605692835615,2025,source_panel_daily_asof,bybit_btc,btc_crossvenue,4,0.0003184013447596923
board-b-provider-raw-daily-consensus/v1,20260511T212329+0800-codex-board-b-provider-raw-daily-consensus-v1,ProviderRawDailyConsensusV1,btc_crossvenue_carry,BTC/USDT,1d,ProviderRawDailyConsensusV1:btc_crossvenue_carry:BTC/USDT:1d:bybit_btc:336,2025-12-03T00:00:00+00:00,2025-12-08T00:00:00+00:00,2025-12-03,^IXIC,Bull,0.9797225384,0.6,16.079999923706055,component_pass_from_205047_not_rescored_here,RawProviderConsensusRiskOn,CrossVenueMomentum,provider_raw_daily_consensus,ProviderRawDailyConsensusV1:btc_crossvenue_carry,Bull -> RawProviderConsensusRiskOn -> CrossVenueMomentum -> ProviderRawDailyConsensusV1:btc_crossvenue_carry,board-b-provider-raw-daily-consensus/v1,1d_hold_5,long_research_only_until_branch_rc_spa_passes,suppress_if_bull_raw_provider_branch_rc_spa_fails,long,1,93390.1,90598.0,-0.02989717325498109,0.0018,-0.031697173254981094,2025,source_panel_daily_asof,bybit_btc,btc_crossvenue,4,0.0006208687588890584
board-b-provider-raw-daily-consensus/v1,20260511T212329+0800-codex-board-b-provider-raw-daily-consensus-v1,ProviderRawDailyConsensusV1,btc_crossvenue_carry,BTC/USDT,1d,ProviderRawDailyConsensusV1:btc_crossvenue_carry:BTC/USDT:1d:bybit_btc:342,2025-12-09T00:00:00+00:00,2025-12-14T00:00:00+00:00,2025-12-09,^IXIC,Bull,0.9797225384,0.8,16.93000030517578,component_pass_from_205047_not_rescored_here,RawProviderConsensusRiskOn,CrossVenueMomentum,provider_raw_daily_consensus,ProviderRawDailyConsensusV1:btc_crossvenue_carry,Bull -> RawProviderConsensusRiskOn -> CrossVenueMomentum -> ProviderRawDailyConsensusV1:btc_crossvenue_carry,board-b-provider-raw-daily-consensus/v1,1d_hold_5,long_research_only_until_branch_rc_spa_passes,suppress_if_bull_raw_provider_branch_rc_spa_fails,long,1,92636.1,88116.0,-0.04879415260357467,0.0018,-0.05059415260357467,2025,source_panel_daily_asof,bybit_btc,btc_crossvenue,4,0.0003131557013040205
board-b-provider-raw-daily-consensus/v1,20260511T212329+0800-codex-board-b-provider-raw-daily-consensus-v1,ProviderRawDailyConsensusV1,provider_breakdown_short,BTC/USDT,1d,ProviderRawDailyConsensusV1:provider_breakdown_short:BTC/USDT:1d:bybit_btc:57,2025-02-27T00:00:00+00:00,2025-03-04T00:00:00+00:00,2025-02-27,^IXIC,Bear,0.963920242,0.6,21.1299991607666,component_pass_from_205047_not_rescored_here,RawProviderRiskOff,DefensiveOrBreakdown,provider_raw_daily_consensus,ProviderRawDailyConsensusV1:provider_breakdown_short,Bear -> RawProviderRiskOff -> DefensiveOrBreakdown -> ProviderRawDailyConsensusV1:provider_breakdown_short,board-b-provider-raw-daily-consensus/v1,1d_hold_5,short_or_defensive_research_only_until_branch_rc_spa_passes,suppress_if_bear_raw_provider_branch_rc_spa_fails,short,-1,84686.0,87260.1,-0.03039581512882883,0.0018,-0.03219581512882883,2025,source_panel_daily_asof,bybit_btc,btc_crossvenue,4,0.00012522177476721264
board-b-provider-raw-daily-consensus/v1,20260511T212329+0800-codex-board-b-provider-raw-daily-consensus-v1,ProviderRawDailyConsensusV1,provider_breakdown_short,BTC/USDT,1d,ProviderRawDailyConsensusV1:provider_breakdown_short:BTC/USDT:1d:bybit_btc:64,2025-03-06T00:00:00+00:00,2025-03-11T00:00:00+00:00,2025-03-06,^IXIC,Bear,0.963920242,0.667,24.8700008392334,component_pass_from_205047_not_rescored_here,RawProviderRiskOff,DefensiveOrBreakdown,provider_raw_daily_consensus,ProviderRawDailyConsensusV1:provider_breakdown_short,Bear -> RawProviderRiskOff -> DefensiveOrBreakdown -> ProviderRawDailyConsensusV1:provider_breakdown_short,board-b-provider-raw-daily-consensus/v1,1d_hold_5,short_or_defensive_research_only_until_branch_rc_spa_passes,suppress_if_bear_raw_provider_branch_rc_spa_fails,short,-1,89899.6,82889.2,0.07798032471779637,0.0018,0.07618032471779637,2025,source_panel_daily_asof,bybit_btc,btc_crossvenue,4,0.0002930706651113378
board-b-provider-raw-daily-consensus/v1,20260511T212329+0800-codex-board-b-provider-raw-daily-consensus-v1,ProviderRawDailyConsensusV1,provider_breakdown_short,BTC/USDT,1d,ProviderRawDailyConsensusV1:provider_breakdown_short:BTC/USDT:1d:bybit_btc:70,2025-03-12T00:00:00+00:00,2025-03-17T00:00:00+00:00,2025-03-12,^IXIC,Bear,0.963920242,0.667,24.229999542236328,component_pass_from_205047_not_rescored_here,RawProviderRiskOff,DefensiveOrBreakdown,provider_raw_daily_consensus,ProviderRawDailyConsensusV1:provider_breakdown_short,Bear -> RawProviderRiskOff -> DefensiveOrBreakdown -> ProviderRawDailyConsensusV1:provider_breakdown_short,board-b-provider-raw-daily-consensus/v1,1d_hold_5,short_or_defensive_research_only_until_branch_rc_spa_passes,suppress_if_bear_raw_provider_branch_rc_spa_fails,short,-1,83649.9,83955.1,-0.003648539926527139,0.0018,-0.0054485399265271385,2025,source_panel_daily_asof,bybit_btc,btc_crossvenue,4,0.0003608750902449848
board-b-provider-raw-daily-consensus/v1,20260511T212329+0800-codex-board-b-provider-raw-daily-consensus-v1,ProviderRawDailyConsensusV1,provider_breakdown_short,BTC/USDT,1d,ProviderRawDailyConsensusV1:provider_breakdown_short:BTC/USDT:1d:bybit_btc:76,2025-03-18T00:00:00+00:00,2025-03-23T00:00:00+00:00,2025-03-18,^IXIC,Bear,0.963920242,0.5,21.700000762939453,component_pass_from_205047_not_rescored_here,RawProviderRiskOff,DefensiveOrBreakdown,provider_raw_daily_consensus,ProviderRawDailyConsensusV1:provider_breakdown_short,Bear -> RawProviderRiskOff -> DefensiveOrBreakdown -> ProviderRawDailyConsensusV1:provider_breakdown_short,board-b-provider-raw-daily-consensus/v1,1d_hold_5,short_or_defensive_research_only_until_branch_rc_spa_passes,suppress_if_bear_raw_provider_branch_rc_spa_fails,short,-1,82675.7,86037.8,-0.04066612075857856,0.0018,-0.042466120758578564,2025,source_panel_daily_asof,bybit_btc,btc_crossvenue,4,0.0002350945683270938
board-b-provider-raw-daily-consensus/v1,20260511T212329+0800-codex-board-b-provider-raw-daily-consensus-v1,ProviderRawDailyConsensusV1,provider_breakdown_short,BTC/USDT,1d,ProviderRawDailyConsensusV1:provider_breakdown_short:BTC/USDT:1d:bybit_btc:87,2025-03-29T00:00:00+00:00,2025-04-03T00:00:00+00:00,2025-03-29,^IXIC,Bear,0.963920242,0.5,21.649999618530273,component_pass_from_205047_not_rescored_here,RawProviderRiskOff,DefensiveOrBreakdown,provider_raw_daily_consensus,ProviderRawDailyConsensusV1:provider_breakdown_short,Bear -> RawProviderRiskOff -> DefensiveOrBreakdown -> ProviderRawDailyConsensusV1:provider_breakdown_short,board-b-provider-raw-daily-consensus/v1,1d_hold_5,short_or_defensive_research_only_until_branch_rc_spa_passes,suppress_if_bear_raw_provider_branch_rc_spa_fails,short,-1,82603.9,83175.2,-0.006916138342136335,0.0018,-0.008716138342136335,2025,source_panel_daily_asof,bybit_btc,btc_crossvenue,4,0.0002750822556837318
board-b-provider-raw-daily-consensus/v1,20260511T212329+0800-codex-board-b-provider-raw-daily-consensus-v1,ProviderRawDailyConsensusV1,provider_breakdown_short,BTC/USDT,1d,ProviderRawDailyConsensusV1:provider_breakdown_short:BTC/USDT:1d:bybit_btc:93,2025-04-04T00:00:00+00:00,2025-04-09T00:00:00+00:00,2025-04-04,^IXIC,Bear,0.963920242,0.444,45.310001373291016,component_pass_from_205047_not_rescored_here,RawProviderRiskOff,DefensiveOrBreakdown,provider_raw_daily_consensus,ProviderRawDailyConsensusV1:provider_breakdown_short,Bear -> RawProviderRiskOff -> DefensiveOrBreakdown -> ProviderRawDailyConsensusV1:provider_breakdown_short,board-b-provider-raw-daily-consensus/v1,1d_hold_5,short_or_defensive_research_only_until_branch_rc_spa_passes,suppress_if_bear_raw_provider_branch_rc_spa_fails,short,-1,83862.1,82593.9,0.015122445061595324,0.0018,0.013322445061595325,2025,source_panel_daily_asof,bybit_btc,btc_crossvenue,4,0.00026884507505618005
board-b-provider-raw-daily-consensus/v1,20260511T212329+0800-codex-board-b-provider-raw-daily-consensus-v1,ProviderRawDailyConsensusV1,provider_breakdown_short,BTC/USDT,1d,ProviderRawDailyConsensusV1:provider_breakdown_short:BTC/USDT:1d:bybit_btc:99,2025-04-10T00:00:00+00:00,2025-04-15T00:00:00+00:00,2025-04-10,^IXIC,Bear,0.963920242,0.5,40.720001220703125,component_pass_from_205047_not_rescored_here,RawProviderRiskOff,DefensiveOrBreakdown,provider_raw_daily_consensus,ProviderRawDailyConsensusV1:provider_breakdown_short,Bear -> RawProviderRiskOff -> DefensiveOrBreakdown -> ProviderRawDailyConsensusV1:provider_breakdown_short,board-b-provider-raw-daily-consensus/v1,1d_hold_5,short_or_defensive_research_only_until_branch_rc_spa_passes,suppress_if_bear_raw_provider_branch_rc_spa_fails,short,-1,79557.5,83603.7,-0.05085881280834603,0.0018,-0.052658812808346035,2025,source_panel_daily_asof,bybit_btc,btc_crossvenue,4,0.00046033018736731964
board-b-provider-raw-daily-consensus/v1,20260511T212329+0800-codex-board-b-provider-raw-daily-consensus-v1,ProviderRawDailyConsensusV1,failed_reclaim_short,BTC/USDT,1d,ProviderRawDailyConsensusV1:failed_reclaim_short:BTC/USDT:1d:bybit_btc:84,2025-03-26T00:00:00+00:00,2025-03-30T00:00:00+00:00,2025-03-26,^IXIC,Bear,0.963920242,0.5,18.329999923706055,component_pass_from_205047_not_rescored_here,RawProviderRiskOff,DefensiveOrBreakdown,provider_raw_daily_consensus,ProviderRawDailyConsensusV1:failed_reclaim_short,Bear -> RawProviderRiskOff -> DefensiveOrBreakdown -> ProviderRawDailyConsensusV1:failed_reclaim_short,board-b-provider-raw-daily-consensus/v1,1d_hold_4,short_or_defensive_research_only_until_branch_rc_spa_passes,suppress_if_bear_raw_provider_branch_rc_spa_fails,short,-1,86860.8,82347.9,0.05195554266136171,0.0018,0.050155542661361706,2025,source_panel_daily_asof,bybit_btc,btc_crossvenue,4,0.0002481720753763048
board-b-provider-raw-daily-consensus/v1,20260511T212329+0800-codex-board-b-provider-raw-daily-consensus-v1,ProviderRawDailyConsensusV1,dispersion_reversion,BTC/USDT,1d,ProviderRawDailyConsensusV1:dispersion_reversion:BTC/USDT:1d:bybit_btc:14,2025-01-15T00:00:00+00:00,2025-01-18T00:00:00+00:00,2025-01-15,^IXIC,Sideways,0.9529358324,0.6,16.1200008392334,component_pass_from_205047_not_rescored_here,RawProviderRange,DispersionReversion,provider_raw_daily_consensus,ProviderRawDailyConsensusV1:dispersion_reversion,Sideways -> RawProviderRange -> DispersionReversion -> ProviderRawDailyConsensusV1:dispersion_reversion,board-b-provider-raw-daily-consensus/v1,1d_hold_3,long_short_research_only_until_branch_rc_spa_passes,suppress_if_sideways_raw_provider_branch_rc_spa_fails,short,-1,100465.0,104520.0,-0.04036231523416123,0.0018,-0.04216231523416123,2025,source_panel_daily_asof,bybit_btc,btc_crossvenue,4,0.0001749505138218344
board-b-provider-raw-daily-consensus/v1,20260511T212329+0800-codex-board-b-provider-raw-daily-consensus-v1,ProviderRawDailyConsensusV1,dispersion_reversion,BTC/USDT,1d,ProviderRawDailyConsensusV1:dispersion_reversion:BTC/USDT:1d:bybit_btc:35,2025-02-05T00:00:00+00:00,2025-02-08T00:00:00+00:00,2025-02-05,^IXIC,Sideways,0.9529358324,0.6,15.770000457763672,component_pass_from_205047_not_rescored_here,RawProviderRange,DispersionReversion,provider_raw_daily_consensus,ProviderRawDailyConsensusV1:dispersion_reversion,Sideways -> RawProviderRange -> DispersionReversion -> ProviderRawDailyConsensusV1:dispersion_reversion,board-b-provider-raw-daily-consensus/v1,1d_hold_3,long_short_research_only_until_branch_rc_spa_passes,suppress_if_sideways_raw_provider_branch_rc_spa_fails,long,1,96568.5,96406.8,-0.0016744590627377764,0.0018,-0.0034744590627377764,2025,source_panel_daily_asof,bybit_btc,btc_crossvenue,4,0.00025703039754381763
board-b-provider-raw-daily-consensus/v1,20260511T212329+0800-codex-board-b-provider-raw-daily-consensus-v1,ProviderRawDailyConsensusV1,dispersion_reversion,BTC/USDT,1d,ProviderRawDailyConsensusV1:dispersion_reversion:BTC/USDT:1d:bybit_btc:54,2025-02-24T00:00:00+00:00,2025-02-27T00:00:00+00:00,2025-02-24,^IXIC,Sideways,0.9529358324,1.0,18.979999542236328,component_pass_from_205047_not_rescored_here,RawProviderRange,DispersionReversion,provider_raw_daily_consensus,ProviderRawDailyConsensusV1:dispersion_reversion,Sideways -> RawProviderRange -> DispersionReversion -> ProviderRawDailyConsensusV1:dispersion_reversion,board-b-provider-raw-daily-consensus/v1,1d_hold_3,long_short_research_only_until_branch_rc_spa_passes,suppress_if_sideways_raw_provider_branch_rc_spa_fails,long,1,91478.2,84686.0,-0.07424938400624403,0.0018,-0.07604938400624403,2025,source_panel_daily_asof,bybit_btc,btc_crossvenue,4,0.000664255395979569
board-b-provider-raw-daily-consensus/v1,20260511T212329+0800-codex-board-b-provider-raw-daily-consensus-v1,ProviderRawDailyConsensusV1,dispersion_reversion,BTC/USDT,1d,ProviderRawDailyConsensusV1:dispersion_reversion:BTC/USDT:1d:bybit_btc:83,2025-03-25T00:00:00+00:00,2025-03-28T00:00:00+00:00,2025-03-25,^IXIC,Sideways,0.9529358324,0.75,17.149999618530273,component_pass_from_205047_not_rescored_here,RawProviderRange,DispersionReversion,provider_raw_daily_consensus,ProviderRawDailyConsensusV1:dispersion_reversion,Sideways -> RawProviderRange -> DispersionReversion -> ProviderRawDailyConsensusV1:dispersion_reversion,board-b-provider-raw-daily-consensus/v1,1d_hold_3,long_short_research_only_until_branch_rc_spa_passes,suppress_if_sideways_raw_provider_branch_rc_spa_fails,short,-1,87362.4,84375.0,0.03419548913491377,0.0018,0.03239548913491377,2025,source_panel_daily_asof,bybit_btc,btc_crossvenue,4,0.0005969946520161731
board-b-provider-raw-daily-consensus/v1,20260511T212329+0800-codex-board-b-provider-raw-daily-consensus-v1,ProviderRawDailyConsensusV1,dispersion_reversion,BTC/USDT,1d,ProviderRawDailyConsensusV1:dispersion_reversion:BTC/USDT:1d:bybit_btc:170,2025-06-20T00:00:00+00:00,2025-06-23T00:00:00+00:00,2025-06-20,^IXIC,Sideways,0.9529358324,0.75,20.6200008392334,component_pass_from_205047_not_rescored_here,RawProviderRange,DispersionReversion,provider_raw_daily_consensus,ProviderRawDailyConsensusV1:dispersion_reversion,Sideways -> RawProviderRange -> DispersionReversion -> ProviderRawDailyConsensusV1:dispersion_reversion,board-b-provider-raw-daily-consensus/v1,1d_hold_3,long_short_research_only_until_branch_rc_spa_passes,suppress_if_sideways_raw_provider_branch_rc_spa_fails,long,1,103243.9,105283.5,0.019755162290459927,0.0018,0.017955162290459927,2025,source_panel_daily_asof,bybit_btc,btc_crossvenue,4,0.0002799770760014356
board-b-provider-raw-daily-consensus/v1,20260511T212329+0800-codex-board-b-provider-raw-daily-consensus-v1,ProviderRawDailyConsensusV1,dispersion_reversion,BTC/USDT,1d,ProviderRawDailyConsensusV1:dispersion_reversion:BTC/USDT:1d:bybit_btc:334,2025-12-01T00:00:00+00:00,2025-12-04T00:00:00+00:00,2025-12-01,^IXIC,Sideways,0.9529358324,0.6,17.239999771118164,component_pass_from_205047_not_rescored_here,RawProviderRange,DispersionReversion,provider_raw_daily_consensus,ProviderRawDailyConsensusV1:dispersion_reversion,Sideways -> RawProviderRange -> DispersionReversion -> ProviderRawDailyConsensusV1:dispersion_reversion,board-b-provider-raw-daily-consensus/v1,1d_hold_3,long_short_research_only_until_branch_rc_spa_passes,suppress_if_sideways_raw_provider_branch_rc_spa_fails,long,1,86244.1,92031.8,0.06710835871671228,0.0018,0.06530835871671228,2025,source_panel_daily_asof,bybit_btc,btc_crossvenue,4,0.0003786011532655985
board-b-provider-raw-daily-consensus/v1,20260511T212329+0800-codex-board-b-provider-raw-daily-consensus-v1,ProviderRawDailyConsensusV1,dispersion_reversion,BTC/USDT,1d,ProviderRawDailyConsensusV1:dispersion_reversion:BTC/USDT:1d:bybit_btc:348,2025-12-15T00:00:00+00:00,2025-12-18T00:00:00+00:00,2025-12-15,^IXIC,Sideways,0.9529358324,0.75,16.5,component_pass_from_205047_not_rescored_here,RawProviderRange,DispersionReversion,provider_raw_daily_consensus,ProviderRawDailyConsensusV1:dispersion_reversion,Sideways -> RawProviderRange -> DispersionReversion -> ProviderRawDailyConsensusV1:dispersion_reversion,board-b-provider-raw-daily-consensus/v1,1d_hold_3,long_short_research_only_until_branch_rc_spa_passes,suppress_if_sideways_raw_provider_branch_rc_spa_fails,long,1,86391.7,85470.1,-0.01066769145647084,0.0018,-0.01246769145647084,2025,source_panel_daily_asof,bybit_btc,btc_crossvenue,4,0.0002265604024716939
board-b-provider-raw-daily-consensus/v1,20260511T212329+0800-codex-board-b-provider-raw-daily-consensus-v1,ProviderRawDailyConsensusV1,provider_consensus_momentum,XBT/USD,1d,ProviderRawDailyConsensusV1:provider_consensus_momentum:XBT/USD:1d:kraken_xbt:20,2024-05-26T00:00:00+00:00,2024-05-31T00:00:00+00:00,2024-05-26,^IXIC,Bull,0.9797225384,1.0,11.93000030517578,component_pass_from_205047_not_rescored_here,RawProviderConsensusRiskOn,CrossVenueMomentum,provider_raw_daily_consensus,ProviderRawDailyConsensusV1:provider_consensus_momentum,Bull -> RawProviderConsensusRiskOn -> CrossVenueMomentum -> ProviderRawDailyConsensusV1:provider_consensus_momentum,board-b-provider-raw-daily-consensus/v1,1d_hold_5,long_research_only_until_branch_rc_spa_passes,suppress_if_bull_raw_provider_branch_rc_spa_fails,long,1,68476.4,67498.1,-0.014286673948980755,0.0018,-0.016086673948980754,2024,source_panel_daily_asof,kraken_xbt,btc_crossvenue,2,0.0004304104865980591
board-b-provider-raw-daily-consensus/v1,20260511T212329+0800-codex-board-b-provider-raw-daily-consensus-v1,ProviderRawDailyConsensusV1,provider_consensus_momentum,XBT/USD,1d,ProviderRawDailyConsensusV1:provider_consensus_momentum:XBT/USD:1d:kraken_xbt:26,2024-06-01T00:00:00+00:00,2024-06-06T00:00:00+00:00,2024-06-01,^IXIC,Bull,0.9797225384,0.833,12.920000076293944,component_pass_from_205047_not_rescored_here,RawProviderConsensusRiskOn,CrossVenueMomentum,provider_raw_daily_consensus,ProviderRawDailyConsensusV1:provider_consensus_momentum,Bull -> RawProviderConsensusRiskOn -> CrossVenueMomentum -> ProviderRawDailyConsensusV1:provider_consensus_momentum,board-b-provider-raw-daily-consensus/v1,1d_hold_5,long_research_only_until_branch_rc_spa_passes,suppress_if_bull_raw_provider_branch_rc_spa_fails,long,1,67717.2,70752.1,0.04481726946772757,0.0018,0.04301726946772757,2024,source_panel_daily_asof,kraken_xbt,btc_crossvenue,2,0.00010716971842525713
board-b-provider-raw-daily-consensus/v1,20260511T212329+0800-codex-board-b-provider-raw-daily-consensus-v1,ProviderRawDailyConsensusV1,provider_consensus_momentum,XBT/USD,1d,ProviderRawDailyConsensusV1:provider_consensus_momentum:XBT/USD:1d:kraken_xbt:32,2024-06-07T00:00:00+00:00,2024-06-12T00:00:00+00:00,2024-06-07,^IXIC,Bull,0.9797225384,0.6,12.220000267028809,component_pass_from_205047_not_rescored_here,RawProviderConsensusRiskOn,CrossVenueMomentum,provider_raw_daily_consensus,ProviderRawDailyConsensusV1:provider_consensus_momentum,Bull -> RawProviderConsensusRiskOn -> CrossVenueMomentum -> ProviderRawDailyConsensusV1:provider_consensus_momentum,board-b-provider-raw-daily-consensus/v1,1d_hold_5,long_research_only_until_branch_rc_spa_passes,suppress_if_bull_raw_provider_branch_rc_spa_fails,long,1,69317.0,68233.7,-0.015628200874244436,0.0018,-0.017428200874244435,2024,source_panel_daily_asof,kraken_xbt,btc_crossvenue,2,0.00026095548730999476
board-b-provider-raw-daily-consensus/v1,20260511T212329+0800-codex-board-b-provider-raw-daily-consensus-v1,ProviderRawDailyConsensusV1,provider_consensus_momentum,XBT/USD,1d,ProviderRawDailyConsensusV1:provider_consensus_momentum:XBT/USD:1d:kraken_xbt:70,2024-07-15T00:00:00+00:00,2024-07-20T00:00:00+00:00,2024-07-15,^IXIC,Bull,0.9797225384,0.8,13.119999885559082,component_pass_from_205047_not_rescored_here,RawProviderConsensusRiskOn,CrossVenueMomentum,provider_raw_daily_consensus,ProviderRawDailyConsensusV1:provider_consensus_momentum,Bull -> RawProviderConsensusRiskOn -> CrossVenueMomentum -> ProviderRawDailyConsensusV1:provider_consensus_momentum,board-b-provider-raw-daily-consensus/v1,1d_hold_5,long_research_only_until_branch_rc_spa_passes,suppress_if_bull_raw_provider_branch_rc_spa_fails,long,1,64764.2,67166.1,0.03708684736320378,0.0018,0.035286847363203776,2024,source_panel_daily_asof,kraken_xbt,btc_crossvenue,2,0.0011558606093787678
board-b-provider-raw-daily-consensus/v1,20260511T212329+0800-codex-board-b-provider-raw-daily-consensus-v1,ProviderRawDailyConsensusV1,provider_consensus_momentum,XBT/USD,1d,ProviderRawDailyConsensusV1:provider_consensus_momentum:XBT/USD:1d:kraken_xbt:76,2024-07-21T00:00:00+00:00,2024-07-26T00:00:00+00:00,2024-07-21,^IXIC,Bull,0.9797225384,0.6,16.520000457763672,component_pass_from_205047_not_rescored_here,RawProviderConsensusRiskOn,CrossVenueMomentum,provider_raw_daily_consensus,ProviderRawDailyConsensusV1:provider_consensus_momentum,Bull -> RawProviderConsensusRiskOn -> CrossVenueMomentum -> ProviderRawDailyConsensusV1:provider_consensus_momentum,board-b-provider-raw-daily-consensus/v1,1d_hold_5,long_research_only_until_branch_rc_spa_passes,suppress_if_bull_raw_provider_branch_rc_spa_fails,long,1,68137.1,67914.7,-0.0032640074203335034,0.0018,-0.005064007420333503,2024,source_panel_daily_asof,kraken_xbt,btc_crossvenue,2,0.0001807921939307112
board-b-provider-raw-daily-consensus/v1,20260511T212329+0800-codex-board-b-provider-raw-daily-consensus-v1,ProviderRawDailyConsensusV1,provider_consensus_momentum,XBT/USD,1d,ProviderRawDailyConsensusV1:provider_consensus_momentum:XBT/USD:1d:kraken_xbt:109,2024-08-23T00:00:00+00:00,2024-08-28T00:00:00+00:00,2024-08-23,^IXIC,Bull,0.9797225384,0.6,15.859999656677246,component_pass_from_205047_not_rescored_here,RawProviderConsensusRiskOn,CrossVenueMomentum,provider_raw_daily_consensus,ProviderRawDailyConsensusV1:provider_consensus_momentum,Bull -> RawProviderConsensusRiskOn -> CrossVenueMomentum -> ProviderRawDailyConsensusV1:provider_consensus_momentum,board-b-provider-raw-daily-consensus/v1,1d_hold_5,long_research_only_until_branch_rc_spa_passes,suppress_if_bull_raw_provider_branch_rc_spa_fails,long,1,64087.4,59025.6,-0.07898276416269034,0.0018,-0.08078276416269034,2024,source_panel_daily_asof,kraken_xbt,btc_crossvenue,2,7.673883231625206e-05
board-b-provider-raw-daily-consensus/v1,20260511T212329+0800-codex-board-b-provider-raw-daily-consensus-v1,ProviderRawDailyConsensusV1,provider_consensus_momentum,XBT/USD,1d,ProviderRawDailyConsensusV1:provider_consensus_momentum:XBT/USD:1d:kraken_xbt:136,2024-09-19T00:00:00+00:00,2024-09-24T00:00:00+00:00,2024-09-19,^IXIC,Bull,0.9797225384,0.6,16.329999923706055,component_pass_from_205047_not_rescored_here,RawProviderConsensusRiskOn,CrossVenueMomentum,provider_raw_daily_consensus,ProviderRawDailyConsensusV1:provider_consensus_momentum,Bull -> RawProviderConsensusRiskOn -> CrossVenueMomentum -> ProviderRawDailyConsensusV1:provider_consensus_momentum,board-b-provider-raw-daily-consensus/v1,1d_hold_5,long_research_only_until_branch_rc_spa_passes,suppress_if_bull_raw_provider_branch_rc_spa_fails,long,1,62922.1,64271.8,0.021450333030842872,0.0018,0.019650333030842872,2024,source_panel_daily_asof,kraken_xbt,btc_crossvenue,2,0.00020626279308949729
board-b-provider-raw-daily-consensus/v1,20260511T212329+0800-codex-board-b-provider-raw-daily-consensus-v1,ProviderRawDailyConsensusV1,provider_consensus_momentum,XBT/USD,1d,ProviderRawDailyConsensusV1:provider_consensus_momentum:XBT/USD:1d:kraken_xbt:142,2024-09-25T00:00:00+00:00,2024-09-30T00:00:00+00:00,2024-09-25,^IXIC,Bull,0.9797225384,0.8,15.40999984741211,component_pass_from_205047_not_rescored_here,RawProviderConsensusRiskOn,CrossVenueMomentum,provider_raw_daily_consensus,ProviderRawDailyConsensusV1:provider_consensus_momentum,Bull -> RawProviderConsensusRiskOn -> CrossVenueMomentum -> ProviderRawDailyConsensusV1:provider_consensus_momentum,board-b-provider-raw-daily-consensus/v1,1d_hold_5,long_research_only_until_branch_rc_spa_passes,suppress_if_bull_raw_provider_branch_rc_spa_fails,long,1,63139.2,63338.5,0.00315651766256142,0.0018,0.00135651766256142,2024,source_panel_daily_asof,kraken_xbt,btc_crossvenue,2,4.41741053483911e-05
board-b-provider-raw-daily-consensus/v1,20260511T212329+0800-codex-board-b-provider-raw-daily-consensus-v1,ProviderRawDailyConsensusV1,provider_consensus_momentum,XBT/USD,1d,ProviderRawDailyConsensusV1:provider_consensus_momentum:XBT/USD:1d:kraken_xbt:151,2024-10-04T00:00:00+00:00,2024-10-09T00:00:00+00:00,2024-10-04,^IXIC,Bull,0.9797225384,0.833,19.209999084472656,component_pass_from_205047_not_rescored_here,RawProviderConsensusRiskOn,CrossVenueMomentum,provider_raw_daily_consensus,ProviderRawDailyConsensusV1:provider_consensus_momentum,Bull -> RawProviderConsensusRiskOn -> CrossVenueMomentum -> ProviderRawDailyConsensusV1:provider_consensus_momentum,board-b-provider-raw-daily-consensus/v1,1d_hold_5,long_research_only_until_branch_rc_spa_passes,suppress_if_bull_raw_provider_branch_rc_spa_fails,long,1,62081.0,60558.0,-0.024532465649715673,0.0018,-0.026332465649715673,2024,source_panel_daily_asof,kraken_xbt,btc_crossvenue,2,0.00015404964484428584
board-b-provider-raw-daily-consensus/v1,20260511T212329+0800-codex-board-b-provider-raw-daily-consensus-v1,ProviderRawDailyConsensusV1,provider_consensus_momentum,XBT/USD,1d,ProviderRawDailyConsensusV1:provider_consensus_momentum:XBT/USD:1d:kraken_xbt:161,2024-10-14T00:00:00+00:00,2024-10-19T00:00:00+00:00,2024-10-14,^IXIC,Bull,0.9797225384,0.833,19.700000762939453,component_pass_from_205047_not_rescored_here,RawProviderConsensusRiskOn,CrossVenueMomentum,provider_raw_daily_consensus,ProviderRawDailyConsensusV1:provider_consensus_momentum,Bull -> RawProviderConsensusRiskOn -> CrossVenueMomentum -> ProviderRawDailyConsensusV1:provider_consensus_momentum,board-b-provider-raw-daily-consensus/v1,1d_hold_5,long_research_only_until_branch_rc_spa_passes,suppress_if_bull_raw_provider_branch_rc_spa_fails,long,1,66025.5,68374.9,0.035583221634065465,0.0018,0.03378322163406546,2024,source_panel_daily_asof,kraken_xbt,btc_crossvenue,2,0.00022085103233903902
board-b-provider-raw-daily-consensus/v1,20260511T212329+0800-codex-board-b-provider-raw-daily-consensus-v1,ProviderRawDailyConsensusV1,provider_consensus_momentum,XBT/USD,1d,ProviderRawDailyConsensusV1:provider_consensus_momentum:XBT/USD:1d:kraken_xbt:167,2024-10-20T00:00:00+00:00,2024-10-25T00:00:00+00:00,2024-10-20,^IXIC,Bull,0.9797225384,0.6,18.030000686645508,component_pass_from_205047_not_rescored_here,RawProviderConsensusRiskOn,CrossVenueMomentum,provider_raw_daily_consensus,ProviderRawDailyConsensusV1:provider_consensus_momentum,Bull -> RawProviderConsensusRiskOn -> CrossVenueMomentum -> ProviderRawDailyConsensusV1:provider_consensus_momentum,board-b-provider-raw-daily-consensus/v1,1d_hold_5,long_research_only_until_branch_rc_spa_passes,suppress_if_bull_raw_provider_branch_rc_spa_fails,long,1,69010.5,66606.8,-0.03483093152491279,0.0018,-0.03663093152491279,2024,source_panel_daily_asof,kraken_xbt,btc_crossvenue,2,9.014173855498372e-05
board-b-provider-raw-daily-consensus/v1,20260511T212329+0800-codex-board-b-provider-raw-daily-consensus-v1,ProviderRawDailyConsensusV1,provider_consensus_momentum,XBT/USD,1d,ProviderRawDailyConsensusV1:provider_consensus_momentum:XBT/USD:1d:kraken_xbt:173,2024-10-26T00:00:00+00:00,2024-10-31T00:00:00+00:00,2024-10-26,^IXIC,Bull,0.9797225384,0.6,20.329999923706055,component_pass_from_205047_not_rescored_here,RawProviderConsensusRiskOn,CrossVenueMomentum,provider_raw_daily_consensus,ProviderRawDailyConsensusV1:provider_consensus_momentum,Bull -> RawProviderConsensusRiskOn -> CrossVenueMomentum -> ProviderRawDailyConsensusV1:provider_consensus_momentum,board-b-provider-raw-daily-consensus/v1,1d_hold_5,long_research_only_until_branch_rc_spa_passes,suppress_if_bull_raw_provider_branch_rc_spa_fails,long,1,67026.0,70250.1,0.04810222898576688,0.0018,0.04630222898576688,2024,source_panel_daily_asof,kraken_xbt,btc_crossvenue,2,0.00011927155662410369
board-b-provider-raw-daily-consensus/v1,20260511T212329+0800-codex-board-b-provider-raw-daily-consensus-v1,ProviderRawDailyConsensusV1,provider_consensus_momentum,XBT/USD,1d,ProviderRawDailyConsensusV1:provider_consensus_momentum:XBT/USD:1d:kraken_xbt:179,2024-11-01T00:00:00+00:00,2024-11-06T00:00:00+00:00,2024-11-01,^IXIC,Bull,0.9797225384,0.6,21.8799991607666,component_pass_from_205047_not_rescored_here,RawProviderConsensusRiskOn,CrossVenueMomentum,provider_raw_daily_consensus,ProviderRawDailyConsensusV1:provider_consensus_momentum,Bull -> RawProviderConsensusRiskOn -> CrossVenueMomentum -> ProviderRawDailyConsensusV1:provider_consensus_momentum,board-b-provider-raw-daily-consensus/v1,1d_hold_5,long_research_only_until_branch_rc_spa_passes,suppress_if_bull_raw_provider_branch_rc_spa_fails,long,1,69490.1,75642.0,0.08852915739076495,0.0018,0.08672915739076495,2024,source_panel_daily_asof,kraken_xbt,btc_crossvenue,2,7.765717612428408e-05
board-b-provider-raw-daily-consensus/v1,20260511T212329+0800-codex-board-b-provider-raw-daily-consensus-v1,ProviderRawDailyConsensusV1,provider_consensus_momentum,XBT/USD,1d,ProviderRawDailyConsensusV1:provider_consensus_momentum:XBT/USD:1d:kraken_xbt:185,2024-11-07T00:00:00+00:00,2024-11-12T00:00:00+00:00,2024-11-07,^IXIC,Bull,0.9797225384,0.833,15.199999809265137,component_pass_from_205047_not_rescored_here,RawProviderConsensusRiskOn,CrossVenueMomentum,provider_raw_daily_consensus,ProviderRawDailyConsensusV1:provider_consensus_momentum,Bull -> RawProviderConsensusRiskOn -> CrossVenueMomentum -> ProviderRawDailyConsensusV1:provider_consensus_momentum,board-b-provider-raw-daily-consensus/v1,1d_hold_5,long_research_only_until_branch_rc_spa_passes,suppress_if_bull_raw_provider_branch_rc_spa_fails,long,1,75949.2,88087.3,0.15981866826773694,0.0018,0.15801866826773694,2024,source_panel_daily_asof,kraken_xbt,btc_crossvenue,2,0.00041294327920627456
board-b-provider-raw-daily-consensus/v1,20260511T212329+0800-codex-board-b-provider-raw-daily-consensus-v1,ProviderRawDailyConsensusV1,provider_consensus_momentum,XBT/USD,1d,ProviderRawDailyConsensusV1:provider_consensus_momentum:XBT/USD:1d:kraken_xbt:191,2024-11-13T00:00:00+00:00,2024-11-18T00:00:00+00:00,2024-11-13,^IXIC,Bull,0.9797225384,0.6,14.020000457763672,component_pass_from_205047_not_rescored_here,RawProviderConsensusRiskOn,CrossVenueMomentum,provider_raw_daily_consensus,ProviderRawDailyConsensusV1:provider_consensus_momentum,Bull -> RawProviderConsensusRiskOn -> CrossVenueMomentum -> ProviderRawDailyConsensusV1:provider_consensus_momentum,board-b-provider-raw-daily-consensus/v1,1d_hold_5,long_research_only_until_branch_rc_spa_passes,suppress_if_bull_raw_provider_branch_rc_spa_fails,long,1,90490.9,90507.9,0.0001878641940791237,0.0018,-0.0016121358059208763,2024,source_panel_daily_asof,kraken_xbt,btc_crossvenue,2,0.0007284012448229556
board-b-provider-raw-daily-consensus/v1,20260511T212329+0800-codex-board-b-provider-raw-daily-consensus-v1,ProviderRawDailyConsensusV1,provider_consensus_momentum,XBT/USD,1d,ProviderRawDailyConsensusV1:provider_consensus_momentum:XBT/USD:1d:kraken_xbt:197,2024-11-19T00:00:00+00:00,2024-11-24T00:00:00+00:00,2024-11-19,^IXIC,Bull,0.9797225384,0.6,16.350000381469727,component_pass_from_205047_not_rescored_here,RawProviderConsensusRiskOn,CrossVenueMomentum,provider_raw_daily_consensus,ProviderRawDailyConsensusV1:provider_consensus_momentum,Bull -> RawProviderConsensusRiskOn -> CrossVenueMomentum -> ProviderRawDailyConsensusV1:provider_consensus_momentum,board-b-provider-raw-daily-consensus/v1,1d_hold_5,long_research_only_until_branch_rc_spa_passes,suppress_if_bull_raw_provider_branch_rc_spa_fails,long,1,92376.1,97994.1,0.06081659650061,0.0018,0.059016596500609995,2024,source_panel_daily_asof,kraken_xbt,btc_crossvenue,2,0.0002473722037047305
board-b-provider-raw-daily-consensus/v1,20260511T212329+0800-codex-board-b-provider-raw-daily-consensus-v1,ProviderRawDailyConsensusV1,provider_consensus_momentum,XBT/USD,1d,ProviderRawDailyConsensusV1:provider_consensus_momentum:XBT/USD:1d:kraken_xbt:203,2024-11-25T00:00:00+00:00,2024-11-30T00:00:00+00:00,2024-11-25,^IXIC,Bull,0.9797225384,0.6,14.600000381469728,component_pass_from_205047_not_rescored_here,RawProviderConsensusRiskOn,CrossVenueMomentum,provider_raw_daily_consensus,ProviderRawDailyConsensusV1:provider_consensus_momentum,Bull -> RawProviderConsensusRiskOn -> CrossVenueMomentum -> ProviderRawDailyConsensusV1:provider_consensus_momentum,board-b-provider-raw-daily-consensus/v1,1d_hold_5,long_research_only_until_branch_rc_spa_passes,suppress_if_bull_raw_provider_branch_rc_spa_fails,long,1,93000.0,96456.2,0.03716344086021506,0.0018,0.035363440860215055,2024,source_panel_daily_asof,kraken_xbt,btc_crossvenue,2,0.0007773661606689477
board-b-provider-raw-daily-consensus/v1,20260511T212329+0800-codex-board-b-provider-raw-daily-consensus-v1,ProviderRawDailyConsensusV1,provider_consensus_momentum,XBT/USD,1d,ProviderRawDailyConsensusV1:provider_consensus_momentum:XBT/USD:1d:kraken_xbt:209,2024-12-01T00:00:00+00:00,2024-12-06T00:00:00+00:00,2024-12-01,^IXIC,Bull,0.9797225384,0.833,13.510000228881836,component_pass_from_205047_not_rescored_here,RawProviderConsensusRiskOn,CrossVenueMomentum,provider_raw_daily_consensus,ProviderRawDailyConsensusV1:provider_consensus_momentum,Bull -> RawProviderConsensusRiskOn -> CrossVenueMomentum -> ProviderRawDailyConsensusV1:provider_consensus_momentum,board-b-provider-raw-daily-consensus/v1,1d_hold_5,long_research_only_until_branch_rc_spa_passes,suppress_if_bull_raw_provider_branch_rc_spa_fails,long,1,97244.6,99872.9,0.027027721847793895,0.0018,0.025227721847793896,2024,source_panel_daily_asof,kraken_xbt,btc_crossvenue,2,0.0002558283291597689
board-b-provider-raw-daily-consensus/v1,20260511T212329+0800-codex-board-b-provider-raw-daily-consensus-v1,ProviderRawDailyConsensusV1,provider_consensus_momentum,XBT/USD,1d,ProviderRawDailyConsensusV1:provider_consensus_momentum:XBT/USD:1d:kraken_xbt:215,2024-12-07T00:00:00+00:00,2024-12-12T00:00:00+00:00,2024-12-07,^IXIC,Bull,0.9797225384,0.8,12.770000457763672,component_pass_from_205047_not_rescored_here,RawProviderConsensusRiskOn,CrossVenueMomentum,provider_raw_daily_consensus,ProviderRawDailyConsensusV1:provider_consensus_momentum,Bull -> RawProviderConsensusRiskOn -> CrossVenueMomentum -> ProviderRawDailyConsensusV1:provider_consensus_momentum,board-b-provider-raw-daily-consensus/v1,1d_hold_5,long_research_only_until_branch_rc_spa_passes,suppress_if_bull_raw_provider_branch_rc_spa_fails,long,1,99899.9,100050.1,0.0015035050085137058,0.0018,-0.0002964949914862941,2024,source_panel_daily_asof,kraken_xbt,btc_crossvenue,2,0.0001658636970017023
board-b-provider-raw-daily-consensus/v1,20260511T212329+0800-codex-board-b-provider-raw-daily-consensus-v1,ProviderRawDailyConsensusV1,provider_consensus_momentum,XBT/USD,1d,ProviderRawDailyConsensusV1:provider_consensus_momentum:XBT/USD:1d:kraken_xbt:221,2024-12-13T00:00:00+00:00,2024-12-18T00:00:00+00:00,2024-12-13,^IXIC,Bull,0.9797225384,0.8,13.8100004196167,component_pass_from_205047_not_rescored_here,RawProviderConsensusRiskOn,CrossVenueMomentum,provider_raw_daily_consensus,ProviderRawDailyConsensusV1:provider_consensus_momentum,Bull -> RawProviderConsensusRiskOn -> CrossVenueMomentum -> ProviderRawDailyConsensusV1:provider_consensus_momentum,board-b-provider-raw-daily-consensus/v1,1d_hold_5,long_research_only_until_branch_rc_spa_passes,suppress_if_bull_raw_provider_branch_rc_spa_fails,long,1,101483.1,100166.1,-0.012977530248878821,0.0018,-0.01477753024887882,2024,source_panel_daily_asof,kraken_xbt,btc_crossvenue,2,0.00016614542810371868
board-b-provider-raw-daily-consensus/v1,20260511T212329+0800-codex-board-b-provider-raw-daily-consensus-v1,ProviderRawDailyConsensusV1,provider_consensus_momentum,XBT/USD,1d,ProviderRawDailyConsensusV1:provider_consensus_momentum:XBT/USD:1d:kraken_xbt:228,2024-12-20T00:00:00+00:00,2024-12-25T00:00:00+00:00,2024-12-20,^IXIC,Bull,0.9797225384,0.6,18.36000061035156,component_pass_from_205047_not_rescored_here,RawProviderConsensusRiskOn,CrossVenueMomentum,provider_raw_daily_consensus,ProviderRawDailyConsensusV1:provider_consensus_momentum,Bull -> RawProviderConsensusRiskOn -> CrossVenueMomentum -> ProviderRawDailyConsensusV1:provider_consensus_momentum,board-b-provider-raw-daily-consensus/v1,1d_hold_5,long_research_only_until_branch_rc_spa_passes,suppress_if_bull_raw_provider_branch_rc_spa_fails,long,1,97781.8,99310.8,0.015636856756574335,0.0018,0.013836856756574336,2024,source_panel_daily_asof,kraken_xbt,btc_crossvenue,2,0.00018710530626907517
board-b-provider-raw-daily-consensus/v1,20260511T212329+0800-codex-board-b-provider-raw-daily-consensus-v1,ProviderRawDailyConsensusV1,provider_consensus_momentum,XBT/USD,1d,ProviderRawDailyConsensusV1:provider_consensus_momentum:XBT/USD:1d:kraken_xbt:260,2025-01-21T00:00:00+00:00,2025-01-26T00:00:00+00:00,2025-01-21,^IXIC,Bull,0.9797225384,0.6,15.0600004196167,component_pass_from_205047_not_rescored_here,RawProviderConsensusRiskOn,CrossVenueMomentum,provider_raw_daily_consensus,ProviderRawDailyConsensusV1:provider_consensus_momentum,Bull -> RawProviderConsensusRiskOn -> CrossVenueMomentum -> ProviderRawDailyConsensusV1:provider_consensus_momentum,board-b-provider-raw-daily-consensus/v1,1d_hold_5,long_research_only_until_branch_rc_spa_passes,suppress_if_bull_raw_provider_branch_rc_spa_fails,long,1,106162.8,102596.5,-0.033592746235027726,0.0018,-0.03539274623502773,2025,source_panel_daily_asof,kraken_xbt,btc_crossvenue,4,0.0001150192435464935
board-b-provider-raw-daily-consensus/v1,20260511T212329+0800-codex-board-b-provider-raw-daily-consensus-v1,ProviderRawDailyConsensusV1,provider_consensus_momentum,XBT/USD,1d,ProviderRawDailyConsensusV1:provider_consensus_momentum:XBT/USD:1d:kraken_xbt:269,2025-01-30T00:00:00+00:00,2025-02-04T00:00:00+00:00,2025-01-30,^IXIC,Bull,0.9797225384,0.6,15.84000015258789,component_pass_from_205047_not_rescored_here,RawProviderConsensusRiskOn,CrossVenueMomentum,provider_raw_daily_consensus,ProviderRawDailyConsensusV1:provider_consensus_momentum,Bull -> RawProviderConsensusRiskOn -> CrossVenueMomentum -> ProviderRawDailyConsensusV1:provider_consensus_momentum,board-b-provider-raw-daily-consensus/v1,1d_hold_5,long_research_only_until_branch_rc_spa_passes,suppress_if_bull_raw_provider_branch_rc_spa_fails,long,1,104750.1,97868.5,-0.06569540267741991,0.0018,-0.06749540267741991,2025,source_panel_daily_asof,kraken_xbt,btc_crossvenue,4,0.0002678195323553804
board-b-provider-raw-daily-consensus/v1,20260511T212329+0800-codex-board-b-provider-raw-daily-consensus-v1,ProviderRawDailyConsensusV1,provider_consensus_momentum,XBT/USD,1d,ProviderRawDailyConsensusV1:provider_consensus_momentum:XBT/USD:1d:kraken_xbt:361,2025-05-02T00:00:00+00:00,2025-05-07T00:00:00+00:00,2025-05-02,^IXIC,Bull,0.9797225384,0.222,22.68000030517578,component_pass_from_205047_not_rescored_here,RawProviderConsensusRiskOn,CrossVenueMomentum,provider_raw_daily_consensus,ProviderRawDailyConsensusV1:provider_consensus_momentum,Bull -> RawProviderConsensusRiskOn -> CrossVenueMomentum -> ProviderRawDailyConsensusV1:provider_consensus_momentum,board-b-provider-raw-daily-consensus/v1,1d_hold_5,long_research_only_until_branch_rc_spa_passes,suppress_if_bull_raw_provider_branch_rc_spa_fails,long,1,96920.7,97031.4,0.001142170867523662,0.0018,-0.000657829132476338,2025,source_panel_daily_asof,kraken_xbt,btc_crossvenue,4,0.0004009046279861136
board-b-provider-raw-daily-consensus/v1,20260511T212329+0800-codex-board-b-provider-raw-daily-consensus-v1,ProviderRawDailyConsensusV1,provider_consensus_momentum,XBT/USD,1d,ProviderRawDailyConsensusV1:provider_consensus_momentum:XBT/USD:1d:kraken_xbt:368,2025-05-09T00:00:00+00:00,2025-05-14T00:00:00+00:00,2025-05-09,^IXIC,Bull,0.9797225384,0.667,21.899999618530273,component_pass_from_205047_not_rescored_here,RawProviderConsensusRiskOn,CrossVenueMomentum,provider_raw_daily_consensus,ProviderRawDailyConsensusV1:provider_consensus_momentum,Bull -> RawProviderConsensusRiskOn -> CrossVenueMomentum -> ProviderRawDailyConsensusV1:provider_consensus_momentum,board-b-provider-raw-daily-consensus/v1,1d_hold_5,long_research_only_until_branch_rc_spa_passes,suppress_if_bull_raw_provider_branch_rc_spa_fails,long,1,102976.9,103589.7,0.005950849171027617,0.0018,0.004150849171027617,2025,source_panel_daily_asof,kraken_xbt,btc_crossvenue,4,0.00020575383982511015
board-b-provider-raw-daily-consensus/v1,20260511T212329+0800-codex-board-b-provider-raw-daily-consensus-v1,ProviderRawDailyConsensusV1,provider_consensus_momentum,XBT/USD,1d,ProviderRawDailyConsensusV1:provider_consensus_momentum:XBT/USD:1d:kraken_xbt:374,2025-05-15T00:00:00+00:00,2025-05-20T00:00:00+00:00,2025-05-15,^IXIC,Bull,0.9797225384,0.8,17.829999923706055,component_pass_from_205047_not_rescored_here,RawProviderConsensusRiskOn,CrossVenueMomentum,provider_raw_daily_consensus,ProviderRawDailyConsensusV1:provider_consensus_momentum,Bull -> RawProviderConsensusRiskOn -> CrossVenueMomentum -> ProviderRawDailyConsensusV1:provider_consensus_momentum,board-b-provider-raw-daily-consensus/v1,1d_hold_5,long_research_only_until_branch_rc_spa_passes,suppress_if_bull_raw_provider_branch_rc_spa_fails,long,1,103761.7,106855.6,0.029817360355506972,0.0018,0.028017360355506973,2025,source_panel_daily_asof,kraken_xbt,btc_crossvenue,4,0.00023960867460369397
board-b-provider-raw-daily-consensus/v1,20260511T212329+0800-codex-board-b-provider-raw-daily-consensus-v1,ProviderRawDailyConsensusV1,provider_consensus_momentum,XBT/USD,1d,ProviderRawDailyConsensusV1:provider_consensus_momentum:XBT/USD:1d:kraken_xbt:380,2025-05-21T00:00:00+00:00,2025-05-26T00:00:00+00:00,2025-05-21,^IXIC,Bull,0.9797225384,0.8,20.8700008392334,component_pass_from_205047_not_rescored_here,RawProviderConsensusRiskOn,CrossVenueMomentum,provider_raw_daily_consensus,ProviderRawDailyConsensusV1:provider_consensus_momentum,Bull -> RawProviderConsensusRiskOn -> CrossVenueMomentum -> ProviderRawDailyConsensusV1:provider_consensus_momentum,board-b-provider-raw-daily-consensus/v1,1d_hold_5,long_research_only_until_branch_rc_spa_passes,suppress_if_bull_raw_provider_branch_rc_spa_fails,long,1,109675.1,109468.6,-0.001882833934046979,0.0018,-0.003682833934046979,2025,source_panel_daily_asof,kraken_xbt,btc_crossvenue,4,0.0002955683729518766
board-b-provider-raw-daily-consensus/v1,20260511T212329+0800-codex-board-b-provider-raw-daily-consensus-v1,ProviderRawDailyConsensusV1,provider_consensus_momentum,XBT/USD,1d,ProviderRawDailyConsensusV1:provider_consensus_momentum:XBT/USD:1d:kraken_xbt:386,2025-05-27T00:00:00+00:00,2025-06-01T00:00:00+00:00,2025-05-27,^IXIC,Bull,0.9797225384,0.8,18.959999084472656,component_pass_from_205047_not_rescored_here,RawProviderConsensusRiskOn,CrossVenueMomentum,provider_raw_daily_consensus,ProviderRawDailyConsensusV1:provider_consensus_momentum,Bull -> RawProviderConsensusRiskOn -> CrossVenueMomentum -> ProviderRawDailyConsensusV1:provider_consensus_momentum,board-b-provider-raw-daily-consensus/v1,1d_hold_5,long_research_only_until_branch_rc_spa_passes,suppress_if_bull_raw_provider_branch_rc_spa_fails,long,1,109004.9,105712.4,-0.030205064176014096,0.0018,-0.0320050641760141,2025,source_panel_daily_asof,kraken_xbt,btc_crossvenue,4,0.0005933765336845871
board-b-provider-raw-daily-consensus/v1,20260511T212329+0800-codex-board-b-provider-raw-daily-consensus-v1,ProviderRawDailyConsensusV1,provider_consensus_momentum,XBT/USD,1d,ProviderRawDailyConsensusV1:provider_consensus_momentum:XBT/USD:1d:kraken_xbt:392,2025-06-02T00:00:00+00:00,2025-06-07T00:00:00+00:00,2025-06-02,^IXIC,Bull,0.9797225384,0.6,18.36000061035156,component_pass_from_205047_not_rescored_here,RawProviderConsensusRiskOn,CrossVenueMomentum,provider_raw_daily_consensus,ProviderRawDailyConsensusV1:provider_consensus_momentum,Bull -> RawProviderConsensusRiskOn -> CrossVenueMomentum -> ProviderRawDailyConsensusV1:provider_consensus_momentum,board-b-provider-raw-daily-consensus/v1,1d_hold_5,long_research_only_until_branch_rc_spa_passes,suppress_if_bull_raw_provider_branch_rc_spa_fails,long,1,105920.3,105654.5,-0.0025094339800775245,0.0018,-0.004309433980077524,2025,source_panel_daily_asof,kraken_xbt,btc_crossvenue,4,0.00037094414867534114
board-b-provider-raw-daily-consensus/v1,20260511T212329+0800-codex-board-b-provider-raw-daily-consensus-v1,ProviderRawDailyConsensusV1,provider_consensus_momentum,XBT/USD,1d,ProviderRawDailyConsensusV1:provider_consensus_momentum:XBT/USD:1d:kraken_xbt:398,2025-06-08T00:00:00+00:00,2025-06-13T00:00:00+00:00,2025-06-08,^IXIC,Bull,0.9797225384,0.6,16.770000457763672,component_pass_from_205047_not_rescored_here,RawProviderConsensusRiskOn,CrossVenueMomentum,provider_raw_daily_consensus,ProviderRawDailyConsensusV1:provider_consensus_momentum,Bull -> RawProviderConsensusRiskOn -> CrossVenueMomentum -> ProviderRawDailyConsensusV1:provider_consensus_momentum,board-b-provider-raw-daily-consensus/v1,1d_hold_5,long_research_only_until_branch_rc_spa_passes,suppress_if_bull_raw_provider_branch_rc_spa_fails,long,1,105754.2,106122.3,0.003480712822753196,0.0018,0.0016807128227531959,2025,source_panel_daily_asof,kraken_xbt,btc_crossvenue,4,0.00048500603580261463
board-b-provider-raw-daily-consensus/v1,20260511T212329+0800-codex-board-b-provider-raw-daily-consensus-v1,ProviderRawDailyConsensusV1,provider_consensus_momentum,XBT/USD,1d,ProviderRawDailyConsensusV1:provider_consensus_momentum:XBT/USD:1d:kraken_xbt:414,2025-06-24T00:00:00+00:00,2025-06-29T00:00:00+00:00,2025-06-24,^IXIC,Bull,0.9797225384,0.6,17.479999542236328,component_pass_from_205047_not_rescored_here,RawProviderConsensusRiskOn,CrossVenueMomentum,provider_raw_daily_consensus,ProviderRawDailyConsensusV1:provider_consensus_momentum,Bull -> RawProviderConsensusRiskOn -> CrossVenueMomentum -> ProviderRawDailyConsensusV1:provider_consensus_momentum,board-b-provider-raw-daily-consensus/v1,1d_hold_5,long_research_only_until_branch_rc_spa_passes,suppress_if_bull_raw_provider_branch_rc_spa_fails,long,1,106100.0,108387.2,0.021557021677662602,0.0018,0.019757021677662603,2025,source_panel_daily_asof,kraken_xbt,btc_crossvenue,4,0.0002508040599242748
board-b-provider-raw-daily-consensus/v1,20260511T212329+0800-codex-board-b-provider-raw-daily-consensus-v1,ProviderRawDailyConsensusV1,provider_consensus_momentum,XBT/USD,1d,ProviderRawDailyConsensusV1:provider_consensus_momentum:XBT/USD:1d:kraken_xbt:422,2025-07-02T00:00:00+00:00,2025-07-07T00:00:00+00:00,2025-07-02,^IXIC,Bull,0.9797225384,0.833,16.639999389648438,component_pass_from_205047_not_rescored_here,RawProviderConsensusRiskOn,CrossVenueMomentum,provider_raw_daily_consensus,ProviderRawDailyConsensusV1:provider_consensus_momentum,Bull -> RawProviderConsensusRiskOn -> CrossVenueMomentum -> ProviderRawDailyConsensusV1:provider_consensus_momentum,board-b-provider-raw-daily-consensus/v1,1d_hold_5,long_research_only_until_branch_rc_spa_passes,suppress_if_bull_raw_provider_branch_rc_spa_fails,long,1,108846.9,108282.1,-0.005188939694194206,0.0018,-0.006988939694194205,2025,source_panel_daily_asof,kraken_xbt,btc_crossvenue,4,0.00023008733663085722
board-b-provider-raw-daily-consensus/v1,20260511T212329+0800-codex-board-b-provider-raw-daily-consensus-v1,ProviderRawDailyConsensusV1,provider_consensus_momentum,XBT/USD,1d,ProviderRawDailyConsensusV1:provider_consensus_momentum:XBT/USD:1d:kraken_xbt:428,2025-07-08T00:00:00+00:00,2025-07-13T00:00:00+00:00,2025-07-08,^IXIC,Bull,0.9797225384,0.6,16.809999465942383,component_pass_from_205047_not_rescored_here,RawProviderConsensusRiskOn,CrossVenueMomentum,provider_raw_daily_consensus,ProviderRawDailyConsensusV1:provider_consensus_momentum,Bull -> RawProviderConsensusRiskOn -> CrossVenueMomentum -> ProviderRawDailyConsensusV1:provider_consensus_momentum,board-b-provider-raw-daily-consensus/v1,1d_hold_5,long_research_only_until_branch_rc_spa_passes,suppress_if_bull_raw_provider_branch_rc_spa_fails,long,1,108931.9,119102.1,0.09336291756592896,0.0018,0.09156291756592896,2025,source_panel_daily_asof,kraken_xbt,btc_crossvenue,4,0.0002653414255073585
board-b-provider-raw-daily-consensus/v1,20260511T212329+0800-codex-board-b-provider-raw-daily-consensus-v1,ProviderRawDailyConsensusV1,provider_consensus_momentum,XBT/USD,1d,ProviderRawDailyConsensusV1:provider_consensus_momentum:XBT/USD:1d:kraken_xbt:434,2025-07-14T00:00:00+00:00,2025-07-19T00:00:00+00:00,2025-07-14,^IXIC,Bull,0.9797225384,0.8,17.200000762939453,component_pass_from_205047_not_rescored_here,RawProviderConsensusRiskOn,CrossVenueMomentum,provider_raw_daily_consensus,ProviderRawDailyConsensusV1:provider_consensus_momentum,Bull -> RawProviderConsensusRiskOn -> CrossVenueMomentum -> ProviderRawDailyConsensusV1:provider_consensus_momentum,board-b-provider-raw-daily-consensus/v1,1d_hold_5,long_research_only_until_branch_rc_spa_passes,suppress_if_bull_raw_provider_branch_rc_spa_fails,long,1,119855.0,117909.1,-0.016235451170163895,0.0018,-0.018035451170163894,2025,source_panel_daily_asof,kraken_xbt,btc_crossvenue,4,5.5822672051864864e-05
board-b-provider-raw-daily-consensus/v1,20260511T212329+0800-codex-board-b-provider-raw-daily-consensus-v1,ProviderRawDailyConsensusV1,provider_consensus_momentum,XBT/USD,1d,ProviderRawDailyConsensusV1:provider_consensus_momentum:XBT/USD:1d:kraken_xbt:440,2025-07-20T00:00:00+00:00,2025-07-25T00:00:00+00:00,2025-07-20,^IXIC,Bull,0.9797225384,1.0,16.40999984741211,component_pass_from_205047_not_rescored_here,RawProviderConsensusRiskOn,CrossVenueMomentum,provider_raw_daily_consensus,ProviderRawDailyConsensusV1:provider_consensus_momentum,Bull -> RawProviderConsensusRiskOn -> CrossVenueMomentum -> ProviderRawDailyConsensusV1:provider_consensus_momentum,board-b-provider-raw-daily-consensus/v1,1d_hold_5,long_research_only_until_branch_rc_spa_passes,suppress_if_bull_raw_provider_branch_rc_spa_fails,long,1,117319.1,117628.1,0.0026338422302931708,0.0018,0.0008338422302931708,2025,source_panel_daily_asof,kraken_xbt,btc_crossvenue,4,0.0001920930633049634
board-b-provider-raw-daily-consensus/v1,20260511T212329+0800-codex-board-b-provider-raw-daily-consensus-v1,ProviderRawDailyConsensusV1,provider_consensus_momentum,XBT/USD,1d,ProviderRawDailyConsensusV1:provider_consensus_momentum:XBT/USD:1d:kraken_xbt:446,2025-07-26T00:00:00+00:00,2025-07-31T00:00:00+00:00,2025-07-26,^IXIC,Bull,0.9797225384,0.8,14.93000030517578,component_pass_from_205047_not_rescored_here,RawProviderConsensusRiskOn,CrossVenueMomentum,provider_raw_daily_consensus,ProviderRawDailyConsensusV1:provider_consensus_momentum,Bull -> RawProviderConsensusRiskOn -> CrossVenueMomentum -> ProviderRawDailyConsensusV1:provider_consensus_momentum,board-b-provider-raw-daily-consensus/v1,1d_hold_5,long_research_only_until_branch_rc_spa_passes,suppress_if_bull_raw_provider_branch_rc_spa_fails,long,1,117937.5,115762.3,-0.018443667196608393,0.0018,-0.020243667196608393,2025,source_panel_daily_asof,kraken_xbt,btc_crossvenue,4,0.00018086071605770277
board-b-provider-raw-daily-consensus/v1,20260511T212329+0800-codex-board-b-provider-raw-daily-consensus-v1,ProviderRawDailyConsensusV1,provider_consensus_momentum,XBT/USD,1d,ProviderRawDailyConsensusV1:provider_consensus_momentum:XBT/USD:1d:kraken_xbt:461,2025-08-10T00:00:00+00:00,2025-08-15T00:00:00+00:00,2025-08-10,^IXIC,Bull,0.9797225384,0.6,15.149999618530272,component_pass_from_205047_not_rescored_here,RawProviderConsensusRiskOn,CrossVenueMomentum,provider_raw_daily_consensus,ProviderRawDailyConsensusV1:provider_consensus_momentum,Bull -> RawProviderConsensusRiskOn -> CrossVenueMomentum -> ProviderRawDailyConsensusV1:provider_consensus_momentum,board-b-provider-raw-daily-consensus/v1,1d_hold_5,long_research_only_until_branch_rc_spa_passes,suppress_if_bull_raw_provider_branch_rc_spa_fails,long,1,119288.4,117426.7,-0.015606714483554107,0.0018,-0.017406714483554107,2025,source_panel_daily_asof,kraken_xbt,btc_crossvenue,4,0.00012152432962939062
board-b-provider-raw-daily-consensus/v1,20260511T212329+0800-codex-board-b-provider-raw-daily-consensus-v1,ProviderRawDailyConsensusV1,provider_consensus_momentum,XBT/USD,1d,ProviderRawDailyConsensusV1:provider_consensus_momentum:XBT/USD:1d:kraken_xbt:473,2025-08-22T00:00:00+00:00,2025-08-27T00:00:00+00:00,2025-08-22,^IXIC,Bull,0.9797225384,0.6,14.220000267028809,component_pass_from_205047_not_rescored_here,RawProviderConsensusRiskOn,CrossVenueMomentum,provider_raw_daily_consensus,ProviderRawDailyConsensusV1:provider_consensus_momentum,Bull -> RawProviderConsensusRiskOn -> CrossVenueMomentum -> ProviderRawDailyConsensusV1:provider_consensus_momentum,board-b-provider-raw-daily-consensus/v1,1d_hold_5,long_research_only_until_branch_rc_spa_passes,suppress_if_bull_raw_provider_branch_rc_spa_fails,long,1,116817.9,111268.6,-0.04750385000928792,0.0018,-0.04930385000928792,2025,source_panel_daily_asof,kraken_xbt,btc_crossvenue,4,0.00042499401891445295
board-b-provider-raw-daily-consensus/v1,20260511T212329+0800-codex-board-b-provider-raw-daily-consensus-v1,ProviderRawDailyConsensusV1,provider_consensus_momentum,XBT/USD,1d,ProviderRawDailyConsensusV1:provider_consensus_momentum:XBT/USD:1d:kraken_xbt:492,2025-09-10T00:00:00+00:00,2025-09-15T00:00:00+00:00,2025-09-10,^IXIC,Bull,0.9797225384,0.6,15.350000381469728,component_pass_from_205047_not_rescored_here,RawProviderConsensusRiskOn,CrossVenueMomentum,provider_raw_daily_consensus,ProviderRawDailyConsensusV1:provider_consensus_momentum,Bull -> RawProviderConsensusRiskOn -> CrossVenueMomentum -> ProviderRawDailyConsensusV1:provider_consensus_momentum,board-b-provider-raw-daily-consensus/v1,1d_hold_5,long_research_only_until_branch_rc_spa_passes,suppress_if_bull_raw_provider_branch_rc_spa_fails,long,1,113952.8,115374.9,0.012479728448971716,0.0018,0.010679728448971717,2025,source_panel_daily_asof,kraken_xbt,btc_crossvenue,4,0.00029100087545262475
board-b-provider-raw-daily-consensus/v1,20260511T212329+0800-codex-board-b-provider-raw-daily-consensus-v1,ProviderRawDailyConsensusV1,provider_consensus_momentum,XBT/USD,1d,ProviderRawDailyConsensusV1:provider_consensus_momentum:XBT/USD:1d:kraken_xbt:498,2025-09-16T00:00:00+00:00,2025-09-21T00:00:00+00:00,2025-09-16,^IXIC,Bull,0.9797225384,0.8,16.360000610351562,component_pass_from_205047_not_rescored_here,RawProviderConsensusRiskOn,CrossVenueMomentum,provider_raw_daily_consensus,ProviderRawDailyConsensusV1:provider_consensus_momentum,Bull -> RawProviderConsensusRiskOn -> CrossVenueMomentum -> ProviderRawDailyConsensusV1:provider_consensus_momentum,board-b-provider-raw-daily-consensus/v1,1d_hold_5,long_research_only_until_branch_rc_spa_passes,suppress_if_bull_raw_provider_branch_rc_spa_fails,long,1,116764.2,115298.9,-0.01254922313517326,0.0018,-0.01434922313517326,2025,source_panel_daily_asof,kraken_xbt,btc_crossvenue,4,0.000354128286273778
board-b-provider-raw-daily-consensus/v1,20260511T212329+0800-codex-board-b-provider-raw-daily-consensus-v1,ProviderRawDailyConsensusV1,provider_consensus_momentum,XBT/USD,1d,ProviderRawDailyConsensusV1:provider_consensus_momentum:XBT/USD:1d:kraken_xbt:511,2025-09-29T00:00:00+00:00,2025-10-04T00:00:00+00:00,2025-09-29,^IXIC,Bull,0.9797225384,1.0,16.1200008392334,component_pass_from_205047_not_rescored_here,RawProviderConsensusRiskOn,CrossVenueMomentum,provider_raw_daily_consensus,ProviderRawDailyConsensusV1:provider_consensus_momentum,Bull -> RawProviderConsensusRiskOn -> CrossVenueMomentum -> ProviderRawDailyConsensusV1:provider_consensus_momentum,board-b-provider-raw-daily-consensus/v1,1d_hold_5,long_research_only_until_branch_rc_spa_passes,suppress_if_bull_raw_provider_branch_rc_spa_fails,long,1,114365.2,122426.4,0.07048647665548602,0.0018,0.06868647665548602,2025,source_panel_daily_asof,kraken_xbt,btc_crossvenue,4,0.0005685136824625679
board-b-provider-raw-daily-consensus/v1,20260511T212329+0800-codex-board-b-provider-raw-daily-consensus-v1,ProviderRawDailyConsensusV1,provider_consensus_momentum,XBT/USD,1d,ProviderRawDailyConsensusV1:provider_consensus_momentum:XBT/USD:1d:kraken_xbt:517,2025-10-05T00:00:00+00:00,2025-10-10T00:00:00+00:00,2025-10-05,^IXIC,Bull,0.9797225384,0.6,16.649999618530273,component_pass_from_205047_not_rescored_here,RawProviderConsensusRiskOn,CrossVenueMomentum,provider_raw_daily_consensus,ProviderRawDailyConsensusV1:provider_consensus_momentum,Bull -> RawProviderConsensusRiskOn -> CrossVenueMomentum -> ProviderRawDailyConsensusV1:provider_consensus_momentum,board-b-provider-raw-daily-consensus/v1,1d_hold_5,long_research_only_until_branch_rc_spa_passes,suppress_if_bull_raw_provider_branch_rc_spa_fails,long,1,123542.1,113000.1,-0.08533123526312081,0.0018,-0.0871312352631208,2025,source_panel_daily_asof,kraken_xbt,btc_crossvenue,4,0.0003282778109451256
board-b-provider-raw-daily-consensus/v1,20260511T212329+0800-codex-board-b-provider-raw-daily-consensus-v1,ProviderRawDailyConsensusV1,provider_pullback_reclaim,XBT/USD,1d,ProviderRawDailyConsensusV1:provider_pullback_reclaim:XBT/USD:1d:kraken_xbt:236,2024-12-28T00:00:00+00:00,2025-01-01T00:00:00+00:00,2024-12-28,^IXIC,Bull,0.9797225384,0.6,15.949999809265137,component_pass_from_205047_not_rescored_here,RawProviderConsensusRiskOn,CrossVenueMomentum,provider_raw_daily_consensus,ProviderRawDailyConsensusV1:provider_pullback_reclaim,Bull -> RawProviderConsensusRiskOn -> CrossVenueMomentum -> ProviderRawDailyConsensusV1:provider_pullback_reclaim,board-b-provider-raw-daily-consensus/v1,1d_hold_4,long_research_only_until_branch_rc_spa_passes,suppress_if_bull_raw_provider_branch_rc_spa_fails,long,1,95204.1,94380.8,-0.00864773680965425,0.0018,-0.010447736809654249,2024,source_panel_daily_asof,kraken_xbt,btc_crossvenue,2,0.0002984188092692553
board-b-provider-raw-daily-consensus/v1,20260511T212329+0800-codex-board-b-provider-raw-daily-consensus-v1,ProviderRawDailyConsensusV1,provider_pullback_reclaim,XBT/USD,1d,ProviderRawDailyConsensusV1:provider_pullback_reclaim:XBT/USD:1d:kraken_xbt:396,2025-06-06T00:00:00+00:00,2025-06-10T00:00:00+00:00,2025-06-06,^IXIC,Bull,0.9797225384,0.6,16.770000457763672,component_pass_from_205047_not_rescored_here,RawProviderConsensusRiskOn,CrossVenueMomentum,provider_raw_daily_consensus,ProviderRawDailyConsensusV1:provider_pullback_reclaim,Bull -> RawProviderConsensusRiskOn -> CrossVenueMomentum -> ProviderRawDailyConsensusV1:provider_pullback_reclaim,board-b-provider-raw-daily-consensus/v1,1d_hold_4,long_research_only_until_branch_rc_spa_passes,suppress_if_bull_raw_provider_branch_rc_spa_fails,long,1,104376.0,110273.6,0.05650341074576537,0.0018,0.05470341074576537,2025,source_panel_daily_asof,kraken_xbt,btc_crossvenue,4,0.0007348714929945373
board-b-provider-raw-daily-consensus/v1,20260511T212329+0800-codex-board-b-provider-raw-daily-consensus-v1,ProviderRawDailyConsensusV1,provider_pullback_reclaim,XBT/USD,1d,ProviderRawDailyConsensusV1:provider_pullback_reclaim:XBT/USD:1d:kraken_xbt:454,2025-08-03T00:00:00+00:00,2025-08-07T00:00:00+00:00,2025-08-03,^IXIC,Bull,0.9797225384,0.6,20.3799991607666,component_pass_from_205047_not_rescored_here,RawProviderConsensusRiskOn,CrossVenueMomentum,provider_raw_daily_consensus,ProviderRawDailyConsensusV1:provider_pullback_reclaim,Bull -> RawProviderConsensusRiskOn -> CrossVenueMomentum -> ProviderRawDailyConsensusV1:provider_pullback_reclaim,board-b-provider-raw-daily-consensus/v1,1d_hold_4,long_research_only_until_branch_rc_spa_passes,suppress_if_bull_raw_provider_branch_rc_spa_fails,long,1,114224.1,117498.1,0.028662952914489948,0.0018,0.026862952914489948,2025,source_panel_daily_asof,kraken_xbt,btc_crossvenue,4,0.00031028111084743695
board-b-provider-raw-daily-consensus/v1,20260511T212329+0800-codex-board-b-provider-raw-daily-consensus-v1,ProviderRawDailyConsensusV1,btc_crossvenue_carry,XBT/USD,1d,ProviderRawDailyConsensusV1:btc_crossvenue_carry:XBT/USD:1d:kraken_xbt:7,2024-05-13T00:00:00+00:00,2024-05-18T00:00:00+00:00,2024-05-13,^IXIC,Bull,0.9797225384,0.6,13.600000381469728,component_pass_from_205047_not_rescored_here,RawProviderConsensusRiskOn,CrossVenueMomentum,provider_raw_daily_consensus,ProviderRawDailyConsensusV1:btc_crossvenue_carry,Bull -> RawProviderConsensusRiskOn -> CrossVenueMomentum -> ProviderRawDailyConsensusV1:btc_crossvenue_carry,board-b-provider-raw-daily-consensus/v1,1d_hold_5,long_research_only_until_branch_rc_spa_passes,suppress_if_bull_raw_provider_branch_rc_spa_fails,long,1,62910.0,66920.0,0.06374185344142425,0.0018,0.06194185344142424,2024,source_panel_daily_asof,kraken_xbt,btc_crossvenue,2,9.611709337839773e-05
board-b-provider-raw-daily-consensus/v1,20260511T212329+0800-codex-board-b-provider-raw-daily-consensus-v1,ProviderRawDailyConsensusV1,btc_crossvenue_carry,XBT/USD,1d,ProviderRawDailyConsensusV1:btc_crossvenue_carry:XBT/USD:1d:kraken_xbt:13,2024-05-19T00:00:00+00:00,2024-05-24T00:00:00+00:00,2024-05-19,^IXIC,Bull,0.9797225384,1.0,11.989999771118164,component_pass_from_205047_not_rescored_here,RawProviderConsensusRiskOn,CrossVenueMomentum,provider_raw_daily_consensus,ProviderRawDailyConsensusV1:btc_crossvenue_carry,Bull -> RawProviderConsensusRiskOn -> CrossVenueMomentum -> ProviderRawDailyConsensusV1:btc_crossvenue_carry,board-b-provider-raw-daily-consensus/v1,1d_hold_5,long_research_only_until_branch_rc_spa_passes,suppress_if_bull_raw_provider_branch_rc_spa_fails,long,1,66262.4,68539.1,0.03435885207900724,0.0018,0.03255885207900724,2024,source_panel_daily_asof,kraken_xbt,btc_crossvenue,2,0.00017037032148393348
board-b-provider-raw-daily-consensus/v1,20260511T212329+0800-codex-board-b-provider-raw-daily-consensus-v1,ProviderRawDailyConsensusV1,btc_crossvenue_carry,XBT/USD,1d,ProviderRawDailyConsensusV1:btc_crossvenue_carry:XBT/USD:1d:kraken_xbt:21,2024-05-27T00:00:00+00:00,2024-06-01T00:00:00+00:00,2024-05-27,^IXIC,Bull,0.9797225384,1.0,11.93000030517578,component_pass_from_205047_not_rescored_here,RawProviderConsensusRiskOn,CrossVenueMomentum,provider_raw_daily_consensus,ProviderRawDailyConsensusV1:btc_crossvenue_carry,Bull -> RawProviderConsensusRiskOn -> CrossVenueMomentum -> ProviderRawDailyConsensusV1:btc_crossvenue_carry,board-b-provider-raw-daily-consensus/v1,1d_hold_5,long_research_only_until_branch_rc_spa_passes,suppress_if_bull_raw_provider_branch_rc_spa_fails,long,1,69377.8,67717.2,-0.023935610526710338,0.0018,-0.025735610526710338,2024,source_panel_daily_asof,kraken_xbt,btc_crossvenue,2,0.00017074514840633042
board-b-provider-raw-daily-consensus/v1,20260511T212329+0800-codex-board-b-provider-raw-daily-consensus-v1,ProviderRawDailyConsensusV1,btc_crossvenue_carry,XBT/USD,1d,ProviderRawDailyConsensusV1:btc_crossvenue_carry:XBT/USD:1d:kraken_xbt:28,2024-06-03T00:00:00+00:00,2024-06-08T00:00:00+00:00,2024-06-03,^IXIC,Bull,0.9797225384,0.6,13.109999656677246,component_pass_from_205047_not_rescored_here,RawProviderConsensusRiskOn,CrossVenueMomentum,provider_raw_daily_consensus,ProviderRawDailyConsensusV1:btc_crossvenue_carry,Bull -> RawProviderConsensusRiskOn -> CrossVenueMomentum -> ProviderRawDailyConsensusV1:btc_crossvenue_carry,board-b-provider-raw-daily-consensus/v1,1d_hold_5,long_research_only_until_branch_rc_spa_passes,suppress_if_bull_raw_provider_branch_rc_spa_fails,long,1,68800.0,69291.5,0.007143895348837193,0.0018,0.005343895348837193,2024,source_panel_daily_asof,kraken_xbt,btc_crossvenue,2,4.913861665026923e-05
board-b-provider-raw-daily-consensus/v1,20260511T212329+0800-codex-board-b-provider-raw-daily-consensus-v1,ProviderRawDailyConsensusV1,btc_crossvenue_carry,XBT/USD,1d,ProviderRawDailyConsensusV1:btc_crossvenue_carry:XBT/USD:1d:kraken_xbt:69,2024-07-14T00:00:00+00:00,2024-07-19T00:00:00+00:00,2024-07-14,^IXIC,Bull,0.9797225384,0.6,12.460000038146973,component_pass_from_205047_not_rescored_here,RawProviderConsensusRiskOn,CrossVenueMomentum,provider_raw_daily_consensus,ProviderRawDailyConsensusV1:btc_crossvenue_carry,Bull -> RawProviderConsensusRiskOn -> CrossVenueMomentum -> ProviderRawDailyConsensusV1:btc_crossvenue_carry,board-b-provider-raw-daily-consensus/v1,1d_hold_5,long_research_only_until_branch_rc_spa_passes,suppress_if_bull_raw_provider_branch_rc_spa_fails,long,1,60810.0,66708.9,0.09700542673902302,0.0018,0.09520542673902302,2024,source_panel_daily_asof,kraken_xbt,btc_crossvenue,2,0.00025827347690322004
board-b-provider-raw-daily-consensus/v1,20260511T212329+0800-codex-board-b-provider-raw-daily-consensus-v1,ProviderRawDailyConsensusV1,btc_crossvenue_carry,XBT/USD,1d,ProviderRawDailyConsensusV1:btc_crossvenue_carry:XBT/USD:1d:kraken_xbt:75,2024-07-20T00:00:00+00:00,2024-07-25T00:00:00+00:00,2024-07-20,^IXIC,Bull,0.9797225384,0.6,16.520000457763672,component_pass_from_205047_not_rescored_here,RawProviderConsensusRiskOn,CrossVenueMomentum,provider_raw_daily_consensus,ProviderRawDailyConsensusV1:btc_crossvenue_carry,Bull -> RawProviderConsensusRiskOn -> CrossVenueMomentum -> ProviderRawDailyConsensusV1:btc_crossvenue_carry,board-b-provider-raw-daily-consensus/v1,1d_hold_5,long_research_only_until_branch_rc_spa_passes,suppress_if_bull_raw_provider_branch_rc_spa_fails,long,1,67166.1,65795.4,-0.020407616342172807,0.0018,-0.022207616342172807,2024,source_panel_daily_asof,kraken_xbt,btc_crossvenue,2,2.5809866964199104e-05
board-b-provider-raw-daily-consensus/v1,20260511T212329+0800-codex-board-b-provider-raw-daily-consensus-v1,ProviderRawDailyConsensusV1,btc_crossvenue_carry,XBT/USD,1d,ProviderRawDailyConsensusV1:btc_crossvenue_carry:XBT/USD:1d:kraken_xbt:107,2024-08-21T00:00:00+00:00,2024-08-26T00:00:00+00:00,2024-08-21,^IXIC,Bull,0.9797225384,0.4,16.270000457763672,component_pass_from_205047_not_rescored_here,RawProviderConsensusRiskOn,CrossVenueMomentum,provider_raw_daily_consensus,ProviderRawDailyConsensusV1:btc_crossvenue_carry,Bull -> RawProviderConsensusRiskOn -> CrossVenueMomentum -> ProviderRawDailyConsensusV1:btc_crossvenue_carry,board-b-provider-raw-daily-consensus/v1,1d_hold_5,long_research_only_until_branch_rc_spa_passes,suppress_if_bull_raw_provider_branch_rc_spa_fails,long,1,61179.7,62854.7,0.027378362430675596,0.0018,0.025578362430675596,2024,source_panel_daily_asof,kraken_xbt,btc_crossvenue,2,5.2111643067087546e-05
board-b-provider-raw-daily-consensus/v1,20260511T212329+0800-codex-board-b-provider-raw-daily-consensus-v1,ProviderRawDailyConsensusV1,btc_crossvenue_carry,XBT/USD,1d,ProviderRawDailyConsensusV1:btc_crossvenue_carry:XBT/USD:1d:kraken_xbt:129,2024-09-12T00:00:00+00:00,2024-09-17T00:00:00+00:00,2024-09-12,^IXIC,Bull,0.9797225384,0.6,17.06999969482422,component_pass_from_205047_not_rescored_here,RawProviderConsensusRiskOn,CrossVenueMomentum,provider_raw_daily_consensus,ProviderRawDailyConsensusV1:btc_crossvenue_carry,Bull -> RawProviderConsensusRiskOn -> CrossVenueMomentum -> ProviderRawDailyConsensusV1:btc_crossvenue_carry,board-b-provider-raw-daily-consensus/v1,1d_hold_5,long_research_only_until_branch_rc_spa_passes,suppress_if_bull_raw_provider_branch_rc_spa_fails,long,1,58133.1,60317.2,0.0375706783226768,0.0018,0.035770678322676795,2024,source_panel_daily_asof,kraken_xbt,btc_crossvenue,2,7.405919182430551e-05
board-b-provider-raw-daily-consensus/v1,20260511T212329+0800-codex-board-b-provider-raw-daily-consensus-v1,ProviderRawDailyConsensusV1,btc_crossvenue_carry,XBT/USD,1d,ProviderRawDailyConsensusV1:btc_crossvenue_carry:XBT/USD:1d:kraken_xbt:136,2024-09-19T00:00:00+00:00,2024-09-24T00:00:00+00:00,2024-09-19,^IXIC,Bull,0.9797225384,0.6,16.329999923706055,component_pass_from_205047_not_rescored_here,RawProviderConsensusRiskOn,CrossVenueMomentum,provider_raw_daily_consensus,ProviderRawDailyConsensusV1:btc_crossvenue_carry,Bull -> RawProviderConsensusRiskOn -> CrossVenueMomentum -> ProviderRawDailyConsensusV1:btc_crossvenue_carry,board-b-provider-raw-daily-consensus/v1,1d_hold_5,long_research_only_until_branch_rc_spa_passes,suppress_if_bull_raw_provider_branch_rc_spa_fails,long,1,62922.1,64271.8,0.021450333030842872,0.0018,0.019650333030842872,2024,source_panel_daily_asof,kraken_xbt,btc_crossvenue,2,0.00020626279308949729
board-b-provider-raw-daily-consensus/v1,20260511T212329+0800-codex-board-b-provider-raw-daily-consensus-v1,ProviderRawDailyConsensusV1,btc_crossvenue_carry,XBT/USD,1d,ProviderRawDailyConsensusV1:btc_crossvenue_carry:XBT/USD:1d:kraken_xbt:143,2024-09-26T00:00:00+00:00,2024-10-01T00:00:00+00:00,2024-09-26,^IXIC,Bull,0.9797225384,0.8,15.369999885559082,component_pass_from_205047_not_rescored_here,RawProviderConsensusRiskOn,CrossVenueMomentum,provider_raw_daily_consensus,ProviderRawDailyConsensusV1:btc_crossvenue_carry,Bull -> RawProviderConsensusRiskOn -> CrossVenueMomentum -> ProviderRawDailyConsensusV1:btc_crossvenue_carry,board-b-provider-raw-daily-consensus/v1,1d_hold_5,long_research_only_until_branch_rc_spa_passes,suppress_if_bull_raw_provider_branch_rc_spa_fails,long,1,65183.5,60819.1,-0.06695559459065559,0.0018,-0.06875559459065558,2024,source_panel_daily_asof,kraken_xbt,btc_crossvenue,2,2.6908491358814063e-05
board-b-provider-raw-daily-consensus/v1,20260511T212329+0800-codex-board-b-provider-raw-daily-consensus-v1,ProviderRawDailyConsensusV1,btc_crossvenue_carry,XBT/USD,1d,ProviderRawDailyConsensusV1:btc_crossvenue_carry:XBT/USD:1d:kraken_xbt:153,2024-10-06T00:00:00+00:00,2024-10-11T00:00:00+00:00,2024-10-06,^IXIC,Bull,0.9797225384,0.833,19.209999084472656,component_pass_from_205047_not_rescored_here,RawProviderConsensusRiskOn,CrossVenueMomentum,provider_raw_daily_consensus,ProviderRawDailyConsensusV1:btc_crossvenue_carry,Bull -> RawProviderConsensusRiskOn -> CrossVenueMomentum -> ProviderRawDailyConsensusV1:btc_crossvenue_carry,board-b-provider-raw-daily-consensus/v1,1d_hold_5,long_research_only_until_branch_rc_spa_passes,suppress_if_bull_raw_provider_branch_rc_spa_fails,long,1,62809.3,62502.5,-0.004884626958109761,0.0018,-0.006684626958109761,2024,source_panel_daily_asof,kraken_xbt,btc_crossvenue,2,0.00010866648189957818
board-b-provider-raw-daily-consensus/v1,20260511T212329+0800-codex-board-b-provider-raw-daily-consensus-v1,ProviderRawDailyConsensusV1,btc_crossvenue_carry,XBT/USD,1d,ProviderRawDailyConsensusV1:btc_crossvenue_carry:XBT/USD:1d:kraken_xbt:159,2024-10-12T00:00:00+00:00,2024-10-17T00:00:00+00:00,2024-10-12,^IXIC,Bull,0.9797225384,0.6,20.459999084472656,component_pass_from_205047_not_rescored_here,RawProviderConsensusRiskOn,CrossVenueMomentum,provider_raw_daily_consensus,ProviderRawDailyConsensusV1:btc_crossvenue_carry,Bull -> RawProviderConsensusRiskOn -> CrossVenueMomentum -> ProviderRawDailyConsensusV1:btc_crossvenue_carry,board-b-provider-raw-daily-consensus/v1,1d_hold_5,long_research_only_until_branch_rc_spa_passes,suppress_if_bull_raw_provider_branch_rc_spa_fails,long,1,63184.0,67407.8,0.06684920232970382,0.0018,0.06504920232970382,2024,source_panel_daily_asof,kraken_xbt,btc_crossvenue,2,0.00010097616912173004
board-b-provider-raw-daily-consensus/v1,20260511T212329+0800-codex-board-b-provider-raw-daily-consensus-v1,ProviderRawDailyConsensusV1,btc_crossvenue_carry,XBT/USD,1d,ProviderRawDailyConsensusV1:btc_crossvenue_carry:XBT/USD:1d:kraken_xbt:165,2024-10-18T00:00:00+00:00,2024-10-23T00:00:00+00:00,2024-10-18,^IXIC,Bull,0.9797225384,0.6,18.030000686645508,component_pass_from_205047_not_rescored_here,RawProviderConsensusRiskOn,CrossVenueMomentum,provider_raw_daily_consensus,ProviderRawDailyConsensusV1:btc_crossvenue_carry,Bull -> RawProviderConsensusRiskOn -> CrossVenueMomentum -> ProviderRawDailyConsensusV1:btc_crossvenue_carry,board-b-provider-raw-daily-consensus/v1,1d_hold_5,long_research_only_until_branch_rc_spa_passes,suppress_if_bull_raw_provider_branch_rc_spa_fails,long,1,68440.3,66633.4,-0.02640111162575276,0.0018,-0.02820111162575276,2024,source_panel_daily_asof,kraken_xbt,btc_crossvenue,2,0.00022228015515998647
board-b-provider-raw-daily-consensus/v1,20260511T212329+0800-codex-board-b-provider-raw-daily-consensus-v1,ProviderRawDailyConsensusV1,btc_crossvenue_carry,XBT/USD,1d,ProviderRawDailyConsensusV1:btc_crossvenue_carry:XBT/USD:1d:kraken_xbt:174,2024-10-27T00:00:00+00:00,2024-11-01T00:00:00+00:00,2024-10-27,^IXIC,Bull,0.9797225384,0.6,20.329999923706055,component_pass_from_205047_not_rescored_here,RawProviderConsensusRiskOn,CrossVenueMomentum,provider_raw_daily_consensus,ProviderRawDailyConsensusV1:btc_crossvenue_carry,Bull -> RawProviderConsensusRiskOn -> CrossVenueMomentum -> ProviderRawDailyConsensusV1:btc_crossvenue_carry,board-b-provider-raw-daily-consensus/v1,1d_hold_5,long_research_only_until_branch_rc_spa_passes,suppress_if_bull_raw_provider_branch_rc_spa_fails,long,1,67941.2,69490.1,0.022797654442370918,0.0018,0.02099765444237092,2024,source_panel_daily_asof,kraken_xbt,btc_crossvenue,2,0.00012389415801647462
board-b-provider-raw-daily-consensus/v1,20260511T212329+0800-codex-board-b-provider-raw-daily-consensus-v1,ProviderRawDailyConsensusV1,btc_crossvenue_carry,XBT/USD,1d,ProviderRawDailyConsensusV1:btc_crossvenue_carry:XBT/USD:1d:kraken_xbt:184,2024-11-06T00:00:00+00:00,2024-11-11T00:00:00+00:00,2024-11-06,^IXIC,Bull,0.9797225384,0.6,16.270000457763672,component_pass_from_205047_not_rescored_here,RawProviderConsensusRiskOn,CrossVenueMomentum,provider_raw_daily_consensus,ProviderRawDailyConsensusV1:btc_crossvenue_carry,Bull -> RawProviderConsensusRiskOn -> CrossVenueMomentum -> ProviderRawDailyConsensusV1:btc_crossvenue_carry,board-b-provider-raw-daily-consensus/v1,1d_hold_5,long_research_only_until_branch_rc_spa_passes,suppress_if_bull_raw_provider_branch_rc_spa_fails,long,1,75642.0,88737.6,0.17312604108828444,0.0018,0.17132604108828445,2024,source_panel_daily_asof,kraken_xbt,btc_crossvenue,2,2.7314422291146207e-05
board-b-provider-raw-daily-consensus/v1,20260511T212329+0800-codex-board-b-provider-raw-daily-consensus-v1,ProviderRawDailyConsensusV1,btc_crossvenue_carry,XBT/USD,1d,ProviderRawDailyConsensusV1:btc_crossvenue_carry:XBT/USD:1d:kraken_xbt:190,2024-11-12T00:00:00+00:00,2024-11-17T00:00:00+00:00,2024-11-12,^IXIC,Bull,0.9797225384,1.0,14.710000038146973,component_pass_from_205047_not_rescored_here,RawProviderConsensusRiskOn,CrossVenueMomentum,provider_raw_daily_consensus,ProviderRawDailyConsensusV1:btc_crossvenue_carry,Bull -> RawProviderConsensusRiskOn -> CrossVenueMomentum -> ProviderRawDailyConsensusV1:btc_crossvenue_carry,board-b-provider-raw-daily-consensus/v1,1d_hold_5,long_research_only_until_branch_rc_spa_passes,suppress_if_bull_raw_provider_branch_rc_spa_fails,long,1,88087.3,89850.0,0.020010830165074767,0.0018,0.018210830165074767,2024,source_panel_daily_asof,kraken_xbt,btc_crossvenue,2,0.0010562833339051194
board-b-provider-raw-daily-consensus/v1,20260511T212329+0800-codex-board-b-provider-raw-daily-consensus-v1,ProviderRawDailyConsensusV1,btc_crossvenue_carry,XBT/USD,1d,ProviderRawDailyConsensusV1:btc_crossvenue_carry:XBT/USD:1d:kraken_xbt:197,2024-11-19T00:00:00+00:00,2024-11-24T00:00:00+00:00,2024-11-19,^IXIC,Bull,0.9797225384,0.6,16.350000381469727,component_pass_from_205047_not_rescored_here,RawProviderConsensusRiskOn,CrossVenueMomentum,provider_raw_daily_consensus,ProviderRawDailyConsensusV1:btc_crossvenue_carry,Bull -> RawProviderConsensusRiskOn -> CrossVenueMomentum -> ProviderRawDailyConsensusV1:btc_crossvenue_carry,board-b-provider-raw-daily-consensus/v1,1d_hold_5,long_research_only_until_branch_rc_spa_passes,suppress_if_bull_raw_provider_branch_rc_spa_fails,long,1,92376.1,97994.1,0.06081659650061,0.0018,0.059016596500609995,2024,source_panel_daily_asof,kraken_xbt,btc_crossvenue,2,0.0002473722037047305
board-b-provider-raw-daily-consensus/v1,20260511T212329+0800-codex-board-b-provider-raw-daily-consensus-v1,ProviderRawDailyConsensusV1,btc_crossvenue_carry,XBT/USD,1d,ProviderRawDailyConsensusV1:btc_crossvenue_carry:XBT/USD:1d:kraken_xbt:208,2024-11-30T00:00:00+00:00,2024-12-05T00:00:00+00:00,2024-11-30,^IXIC,Bull,0.9797225384,0.833,13.510000228881836,component_pass_from_205047_not_rescored_here,RawProviderConsensusRiskOn,CrossVenueMomentum,provider_raw_daily_consensus,ProviderRawDailyConsensusV1:btc_crossvenue_carry,Bull -> RawProviderConsensusRiskOn -> CrossVenueMomentum -> ProviderRawDailyConsensusV1:btc_crossvenue_carry,board-b-provider-raw-daily-consensus/v1,1d_hold_5,long_research_only_until_branch_rc_spa_passes,suppress_if_bull_raw_provider_branch_rc_spa_fails,long,1,96456.2,97087.3,0.006542866088442345,0.0018,0.0047428660884423456,2024,source_panel_daily_asof,kraken_xbt,btc_crossvenue,2,5.238321714599811e-05
board-b-provider-raw-daily-consensus/v1,20260511T212329+0800-codex-board-b-provider-raw-daily-consensus-v1,ProviderRawDailyConsensusV1,btc_crossvenue_carry,XBT/USD,1d,ProviderRawDailyConsensusV1:btc_crossvenue_carry:XBT/USD:1d:kraken_xbt:214,2024-12-06T00:00:00+00:00,2024-12-11T00:00:00+00:00,2024-12-06,^IXIC,Bull,0.9797225384,0.8,12.770000457763672,component_pass_from_205047_not_rescored_here,RawProviderConsensusRiskOn,CrossVenueMomentum,provider_raw_daily_consensus,ProviderRawDailyConsensusV1:btc_crossvenue_carry,Bull -> RawProviderConsensusRiskOn -> CrossVenueMomentum -> ProviderRawDailyConsensusV1:btc_crossvenue_carry,board-b-provider-raw-daily-consensus/v1,1d_hold_5,long_research_only_until_branch_rc_spa_passes,suppress_if_bull_raw_provider_branch_rc_spa_fails,long,1,99872.9,101177.0,0.013057596204776312,0.0018,0.011257596204776312,2024,source_panel_daily_asof,kraken_xbt,btc_crossvenue,2,0.00033842361587548854
board-b-provider-raw-daily-consensus/v1,20260511T212329+0800-codex-board-b-provider-raw-daily-consensus-v1,ProviderRawDailyConsensusV1,btc_crossvenue_carry,XBT/USD,1d,ProviderRawDailyConsensusV1:btc_crossvenue_carry:XBT/USD:1d:kraken_xbt:220,2024-12-12T00:00:00+00:00,2024-12-17T00:00:00+00:00,2024-12-12,^IXIC,Bull,0.9797225384,0.8,13.920000076293944,component_pass_from_205047_not_rescored_here,RawProviderConsensusRiskOn,CrossVenueMomentum,provider_raw_daily_consensus,ProviderRawDailyConsensusV1:btc_crossvenue_carry,Bull -> RawProviderConsensusRiskOn -> CrossVenueMomentum -> ProviderRawDailyConsensusV1:btc_crossvenue_carry,board-b-provider-raw-daily-consensus/v1,1d_hold_5,long_research_only_until_branch_rc_spa_passes,suppress_if_bull_raw_provider_branch_rc_spa_fails,long,1,100050.1,106151.9,0.060987445289909736,0.0018,0.05918744528990973,2024,source_panel_daily_asof,kraken_xbt,btc_crossvenue,2,5.0181222105433735e-05
board-b-provider-raw-daily-consensus/v1,20260511T212329+0800-codex-board-b-provider-raw-daily-consensus-v1,ProviderRawDailyConsensusV1,btc_crossvenue_carry,XBT/USD,1d,ProviderRawDailyConsensusV1:btc_crossvenue_carry:XBT/USD:1d:kraken_xbt:232,2024-12-24T00:00:00+00:00,2024-12-29T00:00:00+00:00,2024-12-24,^IXIC,Bull,0.9797225384,0.833,14.270000457763672,component_pass_from_205047_not_rescored_here,RawProviderConsensusRiskOn,CrossVenueMomentum,provider_raw_daily_consensus,ProviderRawDailyConsensusV1:btc_crossvenue_carry,Bull -> RawProviderConsensusRiskOn -> CrossVenueMomentum -> ProviderRawDailyConsensusV1:btc_crossvenue_carry,board-b-provider-raw-daily-consensus/v1,1d_hold_5,long_research_only_until_branch_rc_spa_passes,suppress_if_bull_raw_provider_branch_rc_spa_fails,long,1,98647.2,93551.0,-0.05166086822535254,0.0018,-0.053460868225352544,2024,source_panel_daily_asof,kraken_xbt,btc_crossvenue,2,0.0002070811425314532
board-b-provider-raw-daily-consensus/v1,20260511T212329+0800-codex-board-b-provider-raw-daily-consensus-v1,ProviderRawDailyConsensusV1,btc_crossvenue_carry,XBT/USD,1d,ProviderRawDailyConsensusV1:btc_crossvenue_carry:XBT/USD:1d:kraken_xbt:245,2025-01-06T00:00:00+00:00,2025-01-11T00:00:00+00:00,2025-01-06,^IXIC,Bull,0.9797225384,0.6,16.040000915527344,component_pass_from_205047_not_rescored_here,RawProviderConsensusRiskOn,CrossVenueMomentum,provider_raw_daily_consensus,ProviderRawDailyConsensusV1:btc_crossvenue_carry,Bull -> RawProviderConsensusRiskOn -> CrossVenueMomentum -> ProviderRawDailyConsensusV1:btc_crossvenue_carry,board-b-provider-raw-daily-consensus/v1,1d_hold_5,long_research_only_until_branch_rc_spa_passes,suppress_if_bull_raw_provider_branch_rc_spa_fails,long,1,102222.0,94562.1,-0.0749339672477548,0.0018,-0.0767339672477548,2025,source_panel_daily_asof,kraken_xbt,btc_crossvenue,4,0.0006981950461771238
board-b-provider-raw-daily-consensus/v1,20260511T212329+0800-codex-board-b-provider-raw-daily-consensus-v1,ProviderRawDailyConsensusV1,btc_crossvenue_carry,XBT/USD,1d,ProviderRawDailyConsensusV1:btc_crossvenue_carry:XBT/USD:1d:kraken_xbt:260,2025-01-21T00:00:00+00:00,2025-01-26T00:00:00+00:00,2025-01-21,^IXIC,Bull,0.9797225384,0.6,15.0600004196167,component_pass_from_205047_not_rescored_here,RawProviderConsensusRiskOn,CrossVenueMomentum,provider_raw_daily_consensus,ProviderRawDailyConsensusV1:btc_crossvenue_carry,Bull -> RawProviderConsensusRiskOn -> CrossVenueMomentum -> ProviderRawDailyConsensusV1:btc_crossvenue_carry,board-b-provider-raw-daily-consensus/v1,1d_hold_5,long_research_only_until_branch_rc_spa_passes,suppress_if_bull_raw_provider_branch_rc_spa_fails,long,1,106162.8,102596.5,-0.033592746235027726,0.0018,-0.03539274623502773,2025,source_panel_daily_asof,kraken_xbt,btc_crossvenue,4,0.0001150192435464935
board-b-provider-raw-daily-consensus/v1,20260511T212329+0800-codex-board-b-provider-raw-daily-consensus-v1,ProviderRawDailyConsensusV1,btc_crossvenue_carry,XBT/USD,1d,ProviderRawDailyConsensusV1:btc_crossvenue_carry:XBT/USD:1d:kraken_xbt:269,2025-01-30T00:00:00+00:00,2025-02-04T00:00:00+00:00,2025-01-30,^IXIC,Bull,0.9797225384,0.6,15.84000015258789,component_pass_from_205047_not_rescored_here,RawProviderConsensusRiskOn,CrossVenueMomentum,provider_raw_daily_consensus,ProviderRawDailyConsensusV1:btc_crossvenue_carry,Bull -> RawProviderConsensusRiskOn -> CrossVenueMomentum -> ProviderRawDailyConsensusV1:btc_crossvenue_carry,board-b-provider-raw-daily-consensus/v1,1d_hold_5,long_research_only_until_branch_rc_spa_passes,suppress_if_bull_raw_provider_branch_rc_spa_fails,long,1,104750.1,97868.5,-0.06569540267741991,0.0018,-0.06749540267741991,2025,source_panel_daily_asof,kraken_xbt,btc_crossvenue,4,0.0002678195323553804
board-b-provider-raw-daily-consensus/v1,20260511T212329+0800-codex-board-b-provider-raw-daily-consensus-v1,ProviderRawDailyConsensusV1,btc_crossvenue_carry,XBT/USD,1d,ProviderRawDailyConsensusV1:btc_crossvenue_carry:XBT/USD:1d:kraken_xbt:361,2025-05-02T00:00:00+00:00,2025-05-07T00:00:00+00:00,2025-05-02,^IXIC,Bull,0.9797225384,0.222,22.68000030517578,component_pass_from_205047_not_rescored_here,RawProviderConsensusRiskOn,CrossVenueMomentum,provider_raw_daily_consensus,ProviderRawDailyConsensusV1:btc_crossvenue_carry,Bull -> RawProviderConsensusRiskOn -> CrossVenueMomentum -> ProviderRawDailyConsensusV1:btc_crossvenue_carry,board-b-provider-raw-daily-consensus/v1,1d_hold_5,long_research_only_until_branch_rc_spa_passes,suppress_if_bull_raw_provider_branch_rc_spa_fails,long,1,96920.7,97031.4,0.001142170867523662,0.0018,-0.000657829132476338,2025,source_panel_daily_asof,kraken_xbt,btc_crossvenue,4,0.0004009046279861136
board-b-provider-raw-daily-consensus/v1,20260511T212329+0800-codex-board-b-provider-raw-daily-consensus-v1,ProviderRawDailyConsensusV1,btc_crossvenue_carry,XBT/USD,1d,ProviderRawDailyConsensusV1:btc_crossvenue_carry:XBT/USD:1d:kraken_xbt:368,2025-05-09T00:00:00+00:00,2025-05-14T00:00:00+00:00,2025-05-09,^IXIC,Bull,0.9797225384,0.667,21.899999618530273,component_pass_from_205047_not_rescored_here,RawProviderConsensusRiskOn,CrossVenueMomentum,provider_raw_daily_consensus,ProviderRawDailyConsensusV1:btc_crossvenue_carry,Bull -> RawProviderConsensusRiskOn -> CrossVenueMomentum -> ProviderRawDailyConsensusV1:btc_crossvenue_carry,board-b-provider-raw-daily-consensus/v1,1d_hold_5,long_research_only_until_branch_rc_spa_passes,suppress_if_bull_raw_provider_branch_rc_spa_fails,long,1,102976.9,103589.7,0.005950849171027617,0.0018,0.004150849171027617,2025,source_panel_daily_asof,kraken_xbt,btc_crossvenue,4,0.00020575383982511015
board-b-provider-raw-daily-consensus/v1,20260511T212329+0800-codex-board-b-provider-raw-daily-consensus-v1,ProviderRawDailyConsensusV1,btc_crossvenue_carry,XBT/USD,1d,ProviderRawDailyConsensusV1:btc_crossvenue_carry:XBT/USD:1d:kraken_xbt:376,2025-05-17T00:00:00+00:00,2025-05-22T00:00:00+00:00,2025-05-17,^IXIC,Bull,0.9797225384,0.8,17.239999771118164,component_pass_from_205047_not_rescored_here,RawProviderConsensusRiskOn,CrossVenueMomentum,provider_raw_daily_consensus,ProviderRawDailyConsensusV1:btc_crossvenue_carry,Bull -> RawProviderConsensusRiskOn -> CrossVenueMomentum -> ProviderRawDailyConsensusV1:btc_crossvenue_carry,board-b-provider-raw-daily-consensus/v1,1d_hold_5,long_research_only_until_branch_rc_spa_passes,suppress_if_bull_raw_provider_branch_rc_spa_fails,long,1,103169.1,111711.1,0.0827961085247424,0.0018,0.0809961085247424,2025,source_panel_daily_asof,kraken_xbt,btc_crossvenue,4,0.00047084299368549865
board-b-provider-raw-daily-consensus/v1,20260511T212329+0800-codex-board-b-provider-raw-daily-consensus-v1,ProviderRawDailyConsensusV1,btc_crossvenue_carry,XBT/USD,1d,ProviderRawDailyConsensusV1:btc_crossvenue_carry:XBT/USD:1d:kraken_xbt:382,2025-05-23T00:00:00+00:00,2025-05-28T00:00:00+00:00,2025-05-23,^IXIC,Bull,0.9797225384,0.6,22.290000915527344,component_pass_from_205047_not_rescored_here,RawProviderConsensusRiskOn,CrossVenueMomentum,provider_raw_daily_consensus,ProviderRawDailyConsensusV1:btc_crossvenue_carry,Bull -> RawProviderConsensusRiskOn -> CrossVenueMomentum -> ProviderRawDailyConsensusV1:btc_crossvenue_carry,board-b-provider-raw-daily-consensus/v1,1d_hold_5,long_research_only_until_branch_rc_spa_passes,suppress_if_bull_raw_provider_branch_rc_spa_fails,long,1,107333.5,107811.7,0.004455272584980463,0.0018,0.002655272584980463,2025,source_panel_daily_asof,kraken_xbt,btc_crossvenue,4,0.00024813812401710845
board-b-provider-raw-daily-consensus/v1,20260511T212329+0800-codex-board-b-provider-raw-daily-consensus-v1,ProviderRawDailyConsensusV1,btc_crossvenue_carry,XBT/USD,1d,ProviderRawDailyConsensusV1:btc_crossvenue_carry:XBT/USD:1d:kraken_xbt:398,2025-06-08T00:00:00+00:00,2025-06-13T00:00:00+00:00,2025-06-08,^IXIC,Bull,0.9797225384,0.6,16.770000457763672,component_pass_from_205047_not_rescored_here,RawProviderConsensusRiskOn,CrossVenueMomentum,provider_raw_daily_consensus,ProviderRawDailyConsensusV1:btc_crossvenue_carry,Bull -> RawProviderConsensusRiskOn -> CrossVenueMomentum -> ProviderRawDailyConsensusV1:btc_crossvenue_carry,board-b-provider-raw-daily-consensus/v1,1d_hold_5,long_research_only_until_branch_rc_spa_passes,suppress_if_bull_raw_provider_branch_rc_spa_fails,long,1,105754.2,106122.3,0.003480712822753196,0.0018,0.0016807128227531959,2025,source_panel_daily_asof,kraken_xbt,btc_crossvenue,4,0.00048500603580261463
board-b-provider-raw-daily-consensus/v1,20260511T212329+0800-codex-board-b-provider-raw-daily-consensus-v1,ProviderRawDailyConsensusV1,btc_crossvenue_carry,XBT/USD,1d,ProviderRawDailyConsensusV1:btc_crossvenue_carry:XBT/USD:1d:kraken_xbt:414,2025-06-24T00:00:00+00:00,2025-06-29T00:00:00+00:00,2025-06-24,^IXIC,Bull,0.9797225384,0.6,17.479999542236328,component_pass_from_205047_not_rescored_here,RawProviderConsensusRiskOn,CrossVenueMomentum,provider_raw_daily_consensus,ProviderRawDailyConsensusV1:btc_crossvenue_carry,Bull -> RawProviderConsensusRiskOn -> CrossVenueMomentum -> ProviderRawDailyConsensusV1:btc_crossvenue_carry,board-b-provider-raw-daily-consensus/v1,1d_hold_5,long_research_only_until_branch_rc_spa_passes,suppress_if_bull_raw_provider_branch_rc_spa_fails,long,1,106100.0,108387.2,0.021557021677662602,0.0018,0.019757021677662603,2025,source_panel_daily_asof,kraken_xbt,btc_crossvenue,4,0.0002508040599242748
board-b-provider-raw-daily-consensus/v1,20260511T212329+0800-codex-board-b-provider-raw-daily-consensus-v1,ProviderRawDailyConsensusV1,btc_crossvenue_carry,XBT/USD,1d,ProviderRawDailyConsensusV1:btc_crossvenue_carry:XBT/USD:1d:kraken_xbt:422,2025-07-02T00:00:00+00:00,2025-07-07T00:00:00+00:00,2025-07-02,^IXIC,Bull,0.9797225384,0.833,16.639999389648438,component_pass_from_205047_not_rescored_here,RawProviderConsensusRiskOn,CrossVenueMomentum,provider_raw_daily_consensus,ProviderRawDailyConsensusV1:btc_crossvenue_carry,Bull -> RawProviderConsensusRiskOn -> CrossVenueMomentum -> ProviderRawDailyConsensusV1:btc_crossvenue_carry,board-b-provider-raw-daily-consensus/v1,1d_hold_5,long_research_only_until_branch_rc_spa_passes,suppress_if_bull_raw_provider_branch_rc_spa_fails,long,1,108846.9,108282.1,-0.005188939694194206,0.0018,-0.006988939694194205,2025,source_panel_daily_asof,kraken_xbt,btc_crossvenue,4,0.00023008733663085722
board-b-provider-raw-daily-consensus/v1,20260511T212329+0800-codex-board-b-provider-raw-daily-consensus-v1,ProviderRawDailyConsensusV1,btc_crossvenue_carry,XBT/USD,1d,ProviderRawDailyConsensusV1:btc_crossvenue_carry:XBT/USD:1d:kraken_xbt:429,2025-07-09T00:00:00+00:00,2025-07-14T00:00:00+00:00,2025-07-09,^IXIC,Bull,0.9797225384,1.0,15.9399995803833,component_pass_from_205047_not_rescored_here,RawProviderConsensusRiskOn,CrossVenueMomentum,provider_raw_daily_consensus,ProviderRawDailyConsensusV1:btc_crossvenue_carry,Bull -> RawProviderConsensusRiskOn -> CrossVenueMomentum -> ProviderRawDailyConsensusV1:btc_crossvenue_carry,board-b-provider-raw-daily-consensus/v1,1d_hold_5,long_research_only_until_branch_rc_spa_passes,suppress_if_bull_raw_provider_branch_rc_spa_fails,long,1,111323.7,119855.0,0.07663507411270021,0.0018,0.07483507411270021,2025,source_panel_daily_asof,kraken_xbt,btc_crossvenue,4,0.0005433218925179736
board-b-provider-raw-daily-consensus/v1,20260511T212329+0800-codex-board-b-provider-raw-daily-consensus-v1,ProviderRawDailyConsensusV1,btc_crossvenue_carry,XBT/USD,1d,ProviderRawDailyConsensusV1:btc_crossvenue_carry:XBT/USD:1d:kraken_xbt:435,2025-07-15T00:00:00+00:00,2025-07-20T00:00:00+00:00,2025-07-15,^IXIC,Bull,0.9797225384,1.0,17.3799991607666,component_pass_from_205047_not_rescored_here,RawProviderConsensusRiskOn,CrossVenueMomentum,provider_raw_daily_consensus,ProviderRawDailyConsensusV1:btc_crossvenue_carry,Bull -> RawProviderConsensusRiskOn -> CrossVenueMomentum -> ProviderRawDailyConsensusV1:btc_crossvenue_carry,board-b-provider-raw-daily-consensus/v1,1d_hold_5,long_research_only_until_branch_rc_spa_passes,suppress_if_bull_raw_provider_branch_rc_spa_fails,long,1,117741.0,117319.1,-0.0035832887439378736,0.0018,-0.005383288743937873,2025,source_panel_daily_asof,kraken_xbt,btc_crossvenue,4,0.00013722972088705323
board-b-provider-raw-daily-consensus/v1,20260511T212329+0800-codex-board-b-provider-raw-daily-consensus-v1,ProviderRawDailyConsensusV1,btc_crossvenue_carry,XBT/USD,1d,ProviderRawDailyConsensusV1:btc_crossvenue_carry:XBT/USD:1d:kraken_xbt:442,2025-07-22T00:00:00+00:00,2025-07-27T00:00:00+00:00,2025-07-22,^IXIC,Bull,0.9797225384,1.0,16.5,component_pass_from_205047_not_rescored_here,RawProviderConsensusRiskOn,CrossVenueMomentum,provider_raw_daily_consensus,ProviderRawDailyConsensusV1:btc_crossvenue_carry,Bull -> RawProviderConsensusRiskOn -> CrossVenueMomentum -> ProviderRawDailyConsensusV1:btc_crossvenue_carry,board-b-provider-raw-daily-consensus/v1,1d_hold_5,long_research_only_until_branch_rc_spa_passes,suppress_if_bull_raw_provider_branch_rc_spa_fails,long,1,119977.5,119455.0,-0.004354983226021569,0.0018,-0.006154983226021569,2025,source_panel_daily_asof,kraken_xbt,btc_crossvenue,4,0.00031533123237456357
board-b-provider-raw-daily-consensus/v1,20260511T212329+0800-codex-board-b-provider-raw-daily-consensus-v1,ProviderRawDailyConsensusV1,btc_crossvenue_carry,XBT/USD,1d,ProviderRawDailyConsensusV1:btc_crossvenue_carry:XBT/USD:1d:kraken_xbt:450,2025-07-30T00:00:00+00:00,2025-08-04T00:00:00+00:00,2025-07-30,^IXIC,Bull,0.9797225384,0.8,15.479999542236328,component_pass_from_205047_not_rescored_here,RawProviderConsensusRiskOn,CrossVenueMomentum,provider_raw_daily_consensus,ProviderRawDailyConsensusV1:btc_crossvenue_carry,Bull -> RawProviderConsensusRiskOn -> CrossVenueMomentum -> ProviderRawDailyConsensusV1:btc_crossvenue_carry,board-b-provider-raw-daily-consensus/v1,1d_hold_5,long_research_only_until_branch_rc_spa_passes,suppress_if_bull_raw_provider_branch_rc_spa_fails,long,1,117820.7,115092.1,-0.023158918594100908,0.0018,-0.024958918594100907,2025,source_panel_daily_asof,kraken_xbt,btc_crossvenue,4,0.00021928105971965778
board-b-provider-raw-daily-consensus/v1,20260511T212329+0800-codex-board-b-provider-raw-daily-consensus-v1,ProviderRawDailyConsensusV1,btc_crossvenue_carry,XBT/USD,1d,ProviderRawDailyConsensusV1:btc_crossvenue_carry:XBT/USD:1d:kraken_xbt:458,2025-08-07T00:00:00+00:00,2025-08-12T00:00:00+00:00,2025-08-07,^IXIC,Bull,0.9797225384,0.6,16.56999969482422,component_pass_from_205047_not_rescored_here,RawProviderConsensusRiskOn,CrossVenueMomentum,provider_raw_daily_consensus,ProviderRawDailyConsensusV1:btc_crossvenue_carry,Bull -> RawProviderConsensusRiskOn -> CrossVenueMomentum -> ProviderRawDailyConsensusV1:btc_crossvenue_carry,board-b-provider-raw-daily-consensus/v1,1d_hold_5,long_research_only_until_branch_rc_spa_passes,suppress_if_bull_raw_provider_branch_rc_spa_fails,long,1,117498.1,120172.0,0.022756963729626323,0.0018,0.020956963729626323,2025,source_panel_daily_asof,kraken_xbt,btc_crossvenue,4,0.0003927832314655282
board-b-provider-raw-daily-consensus/v1,20260511T212329+0800-codex-board-b-provider-raw-daily-consensus-v1,ProviderRawDailyConsensusV1,btc_crossvenue_carry,XBT/USD,1d,ProviderRawDailyConsensusV1:btc_crossvenue_carry:XBT/USD:1d:kraken_xbt:464,2025-08-13T00:00:00+00:00,2025-08-18T00:00:00+00:00,2025-08-13,^IXIC,Bull,0.9797225384,0.6,14.489999771118164,component_pass_from_205047_not_rescored_here,RawProviderConsensusRiskOn,CrossVenueMomentum,provider_raw_daily_consensus,ProviderRawDailyConsensusV1:btc_crossvenue_carry,Bull -> RawProviderConsensusRiskOn -> CrossVenueMomentum -> ProviderRawDailyConsensusV1:btc_crossvenue_carry,board-b-provider-raw-daily-consensus/v1,1d_hold_5,long_research_only_until_branch_rc_spa_passes,suppress_if_bull_raw_provider_branch_rc_spa_fails,long,1,123354.3,116260.0,-0.05751157438370613,0.0018,-0.059311574383706135,2025,source_panel_daily_asof,kraken_xbt,btc_crossvenue,4,0.00017507154598087106
board-b-provider-raw-daily-consensus/v1,20260511T212329+0800-codex-board-b-provider-raw-daily-consensus-v1,ProviderRawDailyConsensusV1,btc_crossvenue_carry,XBT/USD,1d,ProviderRawDailyConsensusV1:btc_crossvenue_carry:XBT/USD:1d:kraken_xbt:490,2025-09-08T00:00:00+00:00,2025-09-13T00:00:00+00:00,2025-09-08,^IXIC,Bull,0.9797225384,0.6,15.109999656677246,component_pass_from_205047_not_rescored_here,RawProviderConsensusRiskOn,CrossVenueMomentum,provider_raw_daily_consensus,ProviderRawDailyConsensusV1:btc_crossvenue_carry,Bull -> RawProviderConsensusRiskOn -> CrossVenueMomentum -> ProviderRawDailyConsensusV1:btc_crossvenue_carry,board-b-provider-raw-daily-consensus/v1,1d_hold_5,long_research_only_until_branch_rc_spa_passes,suppress_if_bull_raw_provider_branch_rc_spa_fails,long,1,112050.1,115949.1,0.03479693458551125,0.0018,0.03299693458551125,2025,source_panel_daily_asof,kraken_xbt,btc_crossvenue,4,0.00024099932489533602
board-b-provider-raw-daily-consensus/v1,20260511T212329+0800-codex-board-b-provider-raw-daily-consensus-v1,ProviderRawDailyConsensusV1,btc_crossvenue_carry,XBT/USD,1d,ProviderRawDailyConsensusV1:btc_crossvenue_carry:XBT/USD:1d:kraken_xbt:496,2025-09-14T00:00:00+00:00,2025-09-19T00:00:00+00:00,2025-09-14,^IXIC,Bull,0.9797225384,0.8,14.760000228881836,component_pass_from_205047_not_rescored_here,RawProviderConsensusRiskOn,CrossVenueMomentum,provider_raw_daily_consensus,ProviderRawDailyConsensusV1:btc_crossvenue_carry,Bull -> RawProviderConsensusRiskOn -> CrossVenueMomentum -> ProviderRawDailyConsensusV1:btc_crossvenue_carry,board-b-provider-raw-daily-consensus/v1,1d_hold_5,long_research_only_until_branch_rc_spa_passes,suppress_if_bull_raw_provider_branch_rc_spa_fails,long,1,115390.6,115677.2,0.0024837378434636737,0.0018,0.0006837378434636737,2025,source_panel_daily_asof,kraken_xbt,btc_crossvenue,4,0.0008152754532582859
board-b-provider-raw-daily-consensus/v1,20260511T212329+0800-codex-board-b-provider-raw-daily-consensus-v1,ProviderRawDailyConsensusV1,btc_crossvenue_carry,XBT/USD,1d,ProviderRawDailyConsensusV1:btc_crossvenue_carry:XBT/USD:1d:kraken_xbt:502,2025-09-20T00:00:00+00:00,2025-09-25T00:00:00+00:00,2025-09-20,^IXIC,Bull,0.9797225384,1.0,15.449999809265137,component_pass_from_205047_not_rescored_here,RawProviderConsensusRiskOn,CrossVenueMomentum,provider_raw_daily_consensus,ProviderRawDailyConsensusV1:btc_crossvenue_carry,Bull -> RawProviderConsensusRiskOn -> CrossVenueMomentum -> ProviderRawDailyConsensusV1:btc_crossvenue_carry,board-b-provider-raw-daily-consensus/v1,1d_hold_5,long_research_only_until_branch_rc_spa_passes,suppress_if_bull_raw_provider_branch_rc_spa_fails,long,1,115739.1,109049.8,-0.05779637132135984,0.0018,-0.059596371321359844,2025,source_panel_daily_asof,kraken_xbt,btc_crossvenue,4,0.0004211619450187793
board-b-provider-raw-daily-consensus/v1,20260511T212329+0800-codex-board-b-provider-raw-daily-consensus-v1,ProviderRawDailyConsensusV1,btc_crossvenue_carry,XBT/USD,1d,ProviderRawDailyConsensusV1:btc_crossvenue_carry:XBT/USD:1d:kraken_xbt:511,2025-09-29T00:00:00+00:00,2025-10-04T00:00:00+00:00,2025-09-29,^IXIC,Bull,0.9797225384,1.0,16.1200008392334,component_pass_from_205047_not_rescored_here,RawProviderConsensusRiskOn,CrossVenueMomentum,provider_raw_daily_consensus,ProviderRawDailyConsensusV1:btc_crossvenue_carry,Bull -> RawProviderConsensusRiskOn -> CrossVenueMomentum -> ProviderRawDailyConsensusV1:btc_crossvenue_carry,board-b-provider-raw-daily-consensus/v1,1d_hold_5,long_research_only_until_branch_rc_spa_passes,suppress_if_bull_raw_provider_branch_rc_spa_fails,long,1,114365.2,122426.4,0.07048647665548602,0.0018,0.06868647665548602,2025,source_panel_daily_asof,kraken_xbt,btc_crossvenue,4,0.0005685136824625679
board-b-provider-raw-daily-consensus/v1,20260511T212329+0800-codex-board-b-provider-raw-daily-consensus-v1,ProviderRawDailyConsensusV1,btc_crossvenue_carry,XBT/USD,1d,ProviderRawDailyConsensusV1:btc_crossvenue_carry:XBT/USD:1d:kraken_xbt:517,2025-10-05T00:00:00+00:00,2025-10-10T00:00:00+00:00,2025-10-05,^IXIC,Bull,0.9797225384,0.6,16.649999618530273,component_pass_from_205047_not_rescored_here,RawProviderConsensusRiskOn,CrossVenueMomentum,provider_raw_daily_consensus,ProviderRawDailyConsensusV1:btc_crossvenue_carry,Bull -> RawProviderConsensusRiskOn -> CrossVenueMomentum -> ProviderRawDailyConsensusV1:btc_crossvenue_carry,board-b-provider-raw-daily-consensus/v1,1d_hold_5,long_research_only_until_branch_rc_spa_passes,suppress_if_bull_raw_provider_branch_rc_spa_fails,long,1,123542.1,113000.1,-0.08533123526312081,0.0018,-0.0871312352631208,2025,source_panel_daily_asof,kraken_xbt,btc_crossvenue,4,0.0003282778109451256
board-b-provider-raw-daily-consensus/v1,20260511T212329+0800-codex-board-b-provider-raw-daily-consensus-v1,ProviderRawDailyConsensusV1,btc_crossvenue_carry,XBT/USD,1d,ProviderRawDailyConsensusV1:btc_crossvenue_carry:XBT/USD:1d:kraken_xbt:538,2025-10-26T00:00:00+00:00,2025-10-31T00:00:00+00:00,2025-10-26,^IXIC,Bull,0.9797225384,0.6,16.3700008392334,component_pass_from_205047_not_rescored_here,RawProviderConsensusRiskOn,CrossVenueMomentum,provider_raw_daily_consensus,ProviderRawDailyConsensusV1:btc_crossvenue_carry,Bull -> RawProviderConsensusRiskOn -> CrossVenueMomentum -> ProviderRawDailyConsensusV1:btc_crossvenue_carry,board-b-provider-raw-daily-consensus/v1,1d_hold_5,long_research_only_until_branch_rc_spa_passes,suppress_if_bull_raw_provider_branch_rc_spa_fails,long,1,114509.9,109552.7,-0.04329058011578035,0.0018,-0.045090580115780356,2025,source_panel_daily_asof,kraken_xbt,btc_crossvenue,4,0.0003184013447596923
board-b-provider-raw-daily-consensus/v1,20260511T212329+0800-codex-board-b-provider-raw-daily-consensus-v1,ProviderRawDailyConsensusV1,btc_crossvenue_carry,XBT/USD,1d,ProviderRawDailyConsensusV1:btc_crossvenue_carry:XBT/USD:1d:kraken_xbt:576,2025-12-03T00:00:00+00:00,2025-12-08T00:00:00+00:00,2025-12-03,^IXIC,Bull,0.9797225384,0.6,16.079999923706055,component_pass_from_205047_not_rescored_here,RawProviderConsensusRiskOn,CrossVenueMomentum,provider_raw_daily_consensus,ProviderRawDailyConsensusV1:btc_crossvenue_carry,Bull -> RawProviderConsensusRiskOn -> CrossVenueMomentum -> ProviderRawDailyConsensusV1:btc_crossvenue_carry,board-b-provider-raw-daily-consensus/v1,1d_hold_5,long_research_only_until_branch_rc_spa_passes,suppress_if_bull_raw_provider_branch_rc_spa_fails,long,1,93457.9,90650.1,-0.030043474120432734,0.0018,-0.03184347412043274,2025,source_panel_daily_asof,kraken_xbt,btc_crossvenue,4,0.0006208687588890584
board-b-provider-raw-daily-consensus/v1,20260511T212329+0800-codex-board-b-provider-raw-daily-consensus-v1,ProviderRawDailyConsensusV1,btc_crossvenue_carry,XBT/USD,1d,ProviderRawDailyConsensusV1:btc_crossvenue_carry:XBT/USD:1d:kraken_xbt:582,2025-12-09T00:00:00+00:00,2025-12-14T00:00:00+00:00,2025-12-09,^IXIC,Bull,0.9797225384,0.8,16.93000030517578,component_pass_from_205047_not_rescored_here,RawProviderConsensusRiskOn,CrossVenueMomentum,provider_raw_daily_consensus,ProviderRawDailyConsensusV1:btc_crossvenue_carry,Bull -> RawProviderConsensusRiskOn -> CrossVenueMomentum -> ProviderRawDailyConsensusV1:btc_crossvenue_carry,board-b-provider-raw-daily-consensus/v1,1d_hold_5,long_research_only_until_branch_rc_spa_passes,suppress_if_bull_raw_provider_branch_rc_spa_fails,long,1,92702.2,88163.0,-0.04896539672197642,0.0018,-0.05076539672197642,2025,source_panel_daily_asof,kraken_xbt,btc_crossvenue,4,0.0003131557013040205
board-b-provider-raw-daily-consensus/v1,20260511T212329+0800-codex-board-b-provider-raw-daily-consensus-v1,ProviderRawDailyConsensusV1,btc_crossvenue_carry,XBT/USD,1d,ProviderRawDailyConsensusV1:btc_crossvenue_carry:XBT/USD:1d:kraken_xbt:603,2025-12-30T00:00:00+00:00,2026-01-04T00:00:00+00:00,2025-12-30,^IXIC,Bull,0.9797225384,0.6,14.329999923706056,component_pass_from_205047_not_rescored_here,RawProviderConsensusRiskOn,CrossVenueMomentum,provider_raw_daily_consensus,ProviderRawDailyConsensusV1:btc_crossvenue_carry,Bull -> RawProviderConsensusRiskOn -> CrossVenueMomentum -> ProviderRawDailyConsensusV1:btc_crossvenue_carry,board-b-provider-raw-daily-consensus/v1,1d_hold_5,long_research_only_until_branch_rc_spa_passes,suppress_if_bull_raw_provider_branch_rc_spa_fails,long,1,88401.9,91507.0,0.03512481066583417,0.0018,0.03332481066583417,2025,source_panel_daily_asof,kraken_xbt,btc_crossvenue,4,0.0004067264977321951
board-b-provider-raw-daily-consensus/v1,20260511T212329+0800-codex-board-b-provider-raw-daily-consensus-v1,ProviderRawDailyConsensusV1,provider_breakdown_short,XBT/USD,1d,ProviderRawDailyConsensusV1:provider_breakdown_short:XBT/USD:1d:kraken_xbt:88,2024-08-02T00:00:00+00:00,2024-08-07T00:00:00+00:00,2024-08-02,^IXIC,Bear,0.963920242,0.667,23.38999938964844,component_pass_from_205047_not_rescored_here,RawProviderRiskOff,DefensiveOrBreakdown,provider_raw_daily_consensus,ProviderRawDailyConsensusV1:provider_breakdown_short,Bear -> RawProviderRiskOff -> DefensiveOrBreakdown -> ProviderRawDailyConsensusV1:provider_breakdown_short,board-b-provider-raw-daily-consensus/v1,1d_hold_5,short_or_defensive_research_only_until_branch_rc_spa_passes,suppress_if_bear_raw_provider_branch_rc_spa_fails,short,-1,61409.9,55091.0,0.1028970898829017,0.0018,0.1010970898829017,2024,source_panel_daily_asof,kraken_xbt,btc_crossvenue,2,5.94862917633939e-05
board-b-provider-raw-daily-consensus/v1,20260511T212329+0800-codex-board-b-provider-raw-daily-consensus-v1,ProviderRawDailyConsensusV1,provider_breakdown_short,XBT/USD,1d,ProviderRawDailyConsensusV1:provider_breakdown_short:XBT/USD:1d:kraken_xbt:95,2024-08-09T00:00:00+00:00,2024-08-14T00:00:00+00:00,2024-08-09,^IXIC,Bear,0.963920242,0.5,20.3700008392334,component_pass_from_205047_not_rescored_here,RawProviderRiskOff,DefensiveOrBreakdown,provider_raw_daily_consensus,ProviderRawDailyConsensusV1:provider_breakdown_short,Bear -> RawProviderRiskOff -> DefensiveOrBreakdown -> ProviderRawDailyConsensusV1:provider_breakdown_short,board-b-provider-raw-daily-consensus/v1,1d_hold_5,short_or_defensive_research_only_until_branch_rc_spa_passes,suppress_if_bear_raw_provider_branch_rc_spa_fails,short,-1,60859.9,58693.6,0.0355948662419755,0.0018,0.033794866241975495,2024,source_panel_daily_asof,kraken_xbt,btc_crossvenue,2,0.00023481101827847484
board-b-provider-raw-daily-consensus/v1,20260511T212329+0800-codex-board-b-provider-raw-daily-consensus-v1,ProviderRawDailyConsensusV1,provider_breakdown_short,XBT/USD,1d,ProviderRawDailyConsensusV1:provider_breakdown_short:XBT/USD:1d:kraken_xbt:297,2025-02-27T00:00:00+00:00,2025-03-04T00:00:00+00:00,2025-02-27,^IXIC,Bear,0.963920242,0.6,21.1299991607666,component_pass_from_205047_not_rescored_here,RawProviderRiskOff,DefensiveOrBreakdown,provider_raw_daily_consensus,ProviderRawDailyConsensusV1:provider_breakdown_short,Bear -> RawProviderRiskOff -> DefensiveOrBreakdown -> ProviderRawDailyConsensusV1:provider_breakdown_short,board-b-provider-raw-daily-consensus/v1,1d_hold_5,short_or_defensive_research_only_until_branch_rc_spa_passes,suppress_if_bear_raw_provider_branch_rc_spa_fails,short,-1,84691.4,87250.0,-0.030210859662256118,0.0018,-0.03201085966225612,2025,source_panel_daily_asof,kraken_xbt,btc_crossvenue,4,0.00012522177476721264
board-b-provider-raw-daily-consensus/v1,20260511T212329+0800-codex-board-b-provider-raw-daily-consensus-v1,ProviderRawDailyConsensusV1,provider_breakdown_short,XBT/USD,1d,ProviderRawDailyConsensusV1:provider_breakdown_short:XBT/USD:1d:kraken_xbt:304,2025-03-06T00:00:00+00:00,2025-03-11T00:00:00+00:00,2025-03-06,^IXIC,Bear,0.963920242,0.667,24.8700008392334,component_pass_from_205047_not_rescored_here,RawProviderRiskOff,DefensiveOrBreakdown,provider_raw_daily_consensus,ProviderRawDailyConsensusV1:provider_breakdown_short,Bear -> RawProviderRiskOff -> DefensiveOrBreakdown -> ProviderRawDailyConsensusV1:provider_breakdown_short,board-b-provider-raw-daily-consensus/v1,1d_hold_5,short_or_defensive_research_only_until_branch_rc_spa_passes,suppress_if_bear_raw_provider_branch_rc_spa_fails,short,-1,89916.8,82900.0,0.07803658493184817,0.0018,0.07623658493184818,2025,source_panel_daily_asof,kraken_xbt,btc_crossvenue,4,0.0002930706651113378
board-b-provider-raw-daily-consensus/v1,20260511T212329+0800-codex-board-b-provider-raw-daily-consensus-v1,ProviderRawDailyConsensusV1,provider_breakdown_short,XBT/USD,1d,ProviderRawDailyConsensusV1:provider_breakdown_short:XBT/USD:1d:kraken_xbt:310,2025-03-12T00:00:00+00:00,2025-03-17T00:00:00+00:00,2025-03-12,^IXIC,Bear,0.963920242,0.667,24.229999542236328,component_pass_from_205047_not_rescored_here,RawProviderRiskOff,DefensiveOrBreakdown,provider_raw_daily_consensus,ProviderRawDailyConsensusV1:provider_breakdown_short,Bear -> RawProviderRiskOff -> DefensiveOrBreakdown -> ProviderRawDailyConsensusV1:provider_breakdown_short,board-b-provider-raw-daily-consensus/v1,1d_hold_5,short_or_defensive_research_only_until_branch_rc_spa_passes,suppress_if_bear_raw_provider_branch_rc_spa_fails,short,-1,83673.4,84015.2,-0.004084930216771365,0.0018,-0.005884930216771365,2025,source_panel_daily_asof,kraken_xbt,btc_crossvenue,4,0.0003608750902449848
board-b-provider-raw-daily-consensus/v1,20260511T212329+0800-codex-board-b-provider-raw-daily-consensus-v1,ProviderRawDailyConsensusV1,provider_breakdown_short,XBT/USD,1d,ProviderRawDailyConsensusV1:provider_breakdown_short:XBT/USD:1d:kraken_xbt:316,2025-03-18T00:00:00+00:00,2025-03-23T00:00:00+00:00,2025-03-18,^IXIC,Bear,0.963920242,0.5,21.700000762939453,component_pass_from_205047_not_rescored_here,RawProviderRiskOff,DefensiveOrBreakdown,provider_raw_daily_consensus,ProviderRawDailyConsensusV1:provider_breakdown_short,Bear -> RawProviderRiskOff -> DefensiveOrBreakdown -> ProviderRawDailyConsensusV1:provider_breakdown_short,board-b-provider-raw-daily-consensus/v1,1d_hold_5,short_or_defensive_research_only_until_branch_rc_spa_passes,suppress_if_bear_raw_provider_branch_rc_spa_fails,short,-1,82705.4,86076.5,-0.04076033729357453,0.0018,-0.042560337293574536,2025,source_panel_daily_asof,kraken_xbt,btc_crossvenue,4,0.0002350945683270938
board-b-provider-raw-daily-consensus/v1,20260511T212329+0800-codex-board-b-provider-raw-daily-consensus-v1,ProviderRawDailyConsensusV1,provider_breakdown_short,XBT/USD,1d,ProviderRawDailyConsensusV1:provider_breakdown_short:XBT/USD:1d:kraken_xbt:327,2025-03-29T00:00:00+00:00,2025-04-03T00:00:00+00:00,2025-03-29,^IXIC,Bear,0.963920242,0.5,21.649999618530273,component_pass_from_205047_not_rescored_here,RawProviderRiskOff,DefensiveOrBreakdown,provider_raw_daily_consensus,ProviderRawDailyConsensusV1:provider_breakdown_short,Bear -> RawProviderRiskOff -> DefensiveOrBreakdown -> ProviderRawDailyConsensusV1:provider_breakdown_short,board-b-provider-raw-daily-consensus/v1,1d_hold_5,short_or_defensive_research_only_until_branch_rc_spa_passes,suppress_if_bear_raw_provider_branch_rc_spa_fails,short,-1,82613.8,83132.9,-0.0062834538539564555,0.0018,-0.008083453853956455,2025,source_panel_daily_asof,kraken_xbt,btc_crossvenue,4,0.0002750822556837318
board-b-provider-raw-daily-consensus/v1,20260511T212329+0800-codex-board-b-provider-raw-daily-consensus-v1,ProviderRawDailyConsensusV1,provider_breakdown_short,XBT/USD,1d,ProviderRawDailyConsensusV1:provider_breakdown_short:XBT/USD:1d:kraken_xbt:333,2025-04-04T00:00:00+00:00,2025-04-09T00:00:00+00:00,2025-04-04,^IXIC,Bear,0.963920242,0.444,45.310001373291016,component_pass_from_205047_not_rescored_here,RawProviderRiskOff,DefensiveOrBreakdown,provider_raw_daily_consensus,ProviderRawDailyConsensusV1:provider_breakdown_short,Bear -> RawProviderRiskOff -> DefensiveOrBreakdown -> ProviderRawDailyConsensusV1:provider_breakdown_short,board-b-provider-raw-daily-consensus/v1,1d_hold_5,short_or_defensive_research_only_until_branch_rc_spa_passes,suppress_if_bear_raw_provider_branch_rc_spa_fails,short,-1,83840.8,82556.3,0.015320703046726614,0.0018,0.013520703046726614,2025,source_panel_daily_asof,kraken_xbt,btc_crossvenue,4,0.00026884507505618005
board-b-provider-raw-daily-consensus/v1,20260511T212329+0800-codex-board-b-provider-raw-daily-consensus-v1,ProviderRawDailyConsensusV1,provider_breakdown_short,XBT/USD,1d,ProviderRawDailyConsensusV1:provider_breakdown_short:XBT/USD:1d:kraken_xbt:339,2025-04-10T00:00:00+00:00,2025-04-15T00:00:00+00:00,2025-04-10,^IXIC,Bear,0.963920242,0.5,40.720001220703125,component_pass_from_205047_not_rescored_here,RawProviderRiskOff,DefensiveOrBreakdown,provider_raw_daily_consensus,ProviderRawDailyConsensusV1:provider_breakdown_short,Bear -> RawProviderRiskOff -> DefensiveOrBreakdown -> ProviderRawDailyConsensusV1:provider_breakdown_short,board-b-provider-raw-daily-consensus/v1,1d_hold_5,short_or_defensive_research_only_until_branch_rc_spa_passes,suppress_if_bear_raw_provider_branch_rc_spa_fails,short,-1,79552.1,83633.5,-0.051304742426661276,0.0018,-0.05310474242666128,2025,source_panel_daily_asof,kraken_xbt,btc_crossvenue,4,0.00046033018736731964
board-b-provider-raw-daily-consensus/v1,20260511T212329+0800-codex-board-b-provider-raw-daily-consensus-v1,ProviderRawDailyConsensusV1,failed_reclaim_short,XBT/USD,1d,ProviderRawDailyConsensusV1:failed_reclaim_short:XBT/USD:1d:kraken_xbt:324,2025-03-26T00:00:00+00:00,2025-03-30T00:00:00+00:00,2025-03-26,^IXIC,Bear,0.963920242,0.5,18.329999923706055,component_pass_from_205047_not_rescored_here,RawProviderRiskOff,DefensiveOrBreakdown,provider_raw_daily_consensus,ProviderRawDailyConsensusV1:failed_reclaim_short,Bear -> RawProviderRiskOff -> DefensiveOrBreakdown -> ProviderRawDailyConsensusV1:failed_reclaim_short,board-b-provider-raw-daily-consensus/v1,1d_hold_4,short_or_defensive_research_only_until_branch_rc_spa_passes,suppress_if_bear_raw_provider_branch_rc_spa_fails,short,-1,86899.0,82325.4,0.052631215549085786,0.0018,0.05083121554908578,2025,source_panel_daily_asof,kraken_xbt,btc_crossvenue,4,0.0002481720753763048
board-b-provider-raw-daily-consensus/v1,20260511T212329+0800-codex-board-b-provider-raw-daily-consensus-v1,ProviderRawDailyConsensusV1,dispersion_reversion,XBT/USD,1d,ProviderRawDailyConsensusV1:dispersion_reversion:XBT/USD:1d:kraken_xbt:134,2024-09-17T00:00:00+00:00,2024-09-20T00:00:00+00:00,2024-09-17,^IXIC,Sideways,0.9529358324,0.6,17.610000610351562,component_pass_from_205047_not_rescored_here,RawProviderRange,DispersionReversion,provider_raw_daily_consensus,ProviderRawDailyConsensusV1:dispersion_reversion,Sideways -> RawProviderRange -> DispersionReversion -> ProviderRawDailyConsensusV1:dispersion_reversion,board-b-provider-raw-daily-consensus/v1,1d_hold_3,long_short_research_only_until_branch_rc_spa_passes,suppress_if_sideways_raw_provider_branch_rc_spa_fails,short,-1,60317.2,63210.2,-0.04796310173549179,0.0018,-0.04976310173549179,2024,source_panel_daily_asof,kraken_xbt,btc_crossvenue,2,0.00010154064439769751
board-b-provider-raw-daily-consensus/v1,20260511T212329+0800-codex-board-b-provider-raw-daily-consensus-v1,ProviderRawDailyConsensusV1,dispersion_reversion,XBT/USD,1d,ProviderRawDailyConsensusV1:dispersion_reversion:XBT/USD:1d:kraken_xbt:248,2025-01-09T00:00:00+00:00,2025-01-12T00:00:00+00:00,2025-01-09,^IXIC,Sideways,0.9529358324,0.6,17.700000762939453,component_pass_from_205047_not_rescored_here,RawProviderRange,DispersionReversion,provider_raw_daily_consensus,ProviderRawDailyConsensusV1:dispersion_reversion,Sideways -> RawProviderRange -> DispersionReversion -> ProviderRawDailyConsensusV1:dispersion_reversion,board-b-provider-raw-daily-consensus/v1,1d_hold_3,long_short_research_only_until_branch_rc_spa_passes,suppress_if_sideways_raw_provider_branch_rc_spa_fails,long,1,92531.7,94449.9,0.020730193004127262,0.0018,0.018930193004127262,2025,source_panel_daily_asof,kraken_xbt,btc_crossvenue,4,0.00032019624548813933
board-b-provider-raw-daily-consensus/v1,20260511T212329+0800-codex-board-b-provider-raw-daily-consensus-v1,ProviderRawDailyConsensusV1,dispersion_reversion,XBT/USD,1d,ProviderRawDailyConsensusV1:dispersion_reversion:XBT/USD:1d:kraken_xbt:254,2025-01-15T00:00:00+00:00,2025-01-18T00:00:00+00:00,2025-01-15,^IXIC,Sideways,0.9529358324,0.6,16.1200008392334,component_pass_from_205047_not_rescored_here,RawProviderRange,DispersionReversion,provider_raw_daily_consensus,ProviderRawDailyConsensusV1:dispersion_reversion,Sideways -> RawProviderRange -> DispersionReversion -> ProviderRawDailyConsensusV1:dispersion_reversion,board-b-provider-raw-daily-consensus/v1,1d_hold_3,long_short_research_only_until_branch_rc_spa_passes,suppress_if_sideways_raw_provider_branch_rc_spa_fails,short,-1,100496.4,104382.0,-0.03866407154883156,0.0018,-0.04046407154883156,2025,source_panel_daily_asof,kraken_xbt,btc_crossvenue,4,0.0001749505138218344
board-b-provider-raw-daily-consensus/v1,20260511T212329+0800-codex-board-b-provider-raw-daily-consensus-v1,ProviderRawDailyConsensusV1,dispersion_reversion,XBT/USD,1d,ProviderRawDailyConsensusV1:dispersion_reversion:XBT/USD:1d:kraken_xbt:275,2025-02-05T00:00:00+00:00,2025-02-08T00:00:00+00:00,2025-02-05,^IXIC,Sideways,0.9529358324,0.6,15.770000457763672,component_pass_from_205047_not_rescored_here,RawProviderRange,DispersionReversion,provider_raw_daily_consensus,ProviderRawDailyConsensusV1:dispersion_reversion,Sideways -> RawProviderRange -> DispersionReversion -> ProviderRawDailyConsensusV1:dispersion_reversion,board-b-provider-raw-daily-consensus/v1,1d_hold_3,long_short_research_only_until_branch_rc_spa_passes,suppress_if_sideways_raw_provider_branch_rc_spa_fails,long,1,96623.8,96496.5,-0.0013174807863073346,0.0018,-0.0031174807863073345,2025,source_panel_daily_asof,kraken_xbt,btc_crossvenue,4,0.00025703039754381763
board-b-provider-raw-daily-consensus/v1,20260511T212329+0800-codex-board-b-provider-raw-daily-consensus-v1,ProviderRawDailyConsensusV1,dispersion_reversion,XBT/USD,1d,ProviderRawDailyConsensusV1:dispersion_reversion:XBT/USD:1d:kraken_xbt:294,2025-02-24T00:00:00+00:00,2025-02-27T00:00:00+00:00,2025-02-24,^IXIC,Sideways,0.9529358324,1.0,18.979999542236328,component_pass_from_205047_not_rescored_here,RawProviderRange,DispersionReversion,provider_raw_daily_consensus,ProviderRawDailyConsensusV1:dispersion_reversion,Sideways -> RawProviderRange -> DispersionReversion -> ProviderRawDailyConsensusV1:dispersion_reversion,board-b-provider-raw-daily-consensus/v1,1d_hold_3,long_short_research_only_until_branch_rc_spa_passes,suppress_if_sideways_raw_provider_branch_rc_spa_fails,long,1,91534.4,84691.4,-0.07475877921306084,0.0018,-0.07655877921306084,2025,source_panel_daily_asof,kraken_xbt,btc_crossvenue,4,0.000664255395979569
board-b-provider-raw-daily-consensus/v1,20260511T212329+0800-codex-board-b-provider-raw-daily-consensus-v1,ProviderRawDailyConsensusV1,dispersion_reversion,XBT/USD,1d,ProviderRawDailyConsensusV1:dispersion_reversion:XBT/USD:1d:kraken_xbt:323,2025-03-25T00:00:00+00:00,2025-03-28T00:00:00+00:00,2025-03-25,^IXIC,Sideways,0.9529358324,0.75,17.149999618530273,component_pass_from_205047_not_rescored_here,RawProviderRange,DispersionReversion,provider_raw_daily_consensus,ProviderRawDailyConsensusV1:dispersion_reversion,Sideways -> RawProviderRange -> DispersionReversion -> ProviderRawDailyConsensusV1:dispersion_reversion,board-b-provider-raw-daily-consensus/v1,1d_hold_3,long_short_research_only_until_branch_rc_spa_passes,suppress_if_sideways_raw_provider_branch_rc_spa_fails,short,-1,87458.1,84373.9,0.03526488684295692,0.0018,0.03346488684295692,2025,source_panel_daily_asof,kraken_xbt,btc_crossvenue,4,0.0005969946520161731
board-b-provider-raw-daily-consensus/v1,20260511T212329+0800-codex-board-b-provider-raw-daily-consensus-v1,ProviderRawDailyConsensusV1,dispersion_reversion,XBT/USD,1d,ProviderRawDailyConsensusV1:dispersion_reversion:XBT/USD:1d:kraken_xbt:410,2025-06-20T00:00:00+00:00,2025-06-23T00:00:00+00:00,2025-06-20,^IXIC,Sideways,0.9529358324,0.75,20.6200008392334,component_pass_from_205047_not_rescored_here,RawProviderRange,DispersionReversion,provider_raw_daily_consensus,ProviderRawDailyConsensusV1:dispersion_reversion,Sideways -> RawProviderRange -> DispersionReversion -> ProviderRawDailyConsensusV1:dispersion_reversion,board-b-provider-raw-daily-consensus/v1,1d_hold_3,long_short_research_only_until_branch_rc_spa_passes,suppress_if_sideways_raw_provider_branch_rc_spa_fails,long,1,103292.0,105382.0,0.020233900011617623,0.0018,0.018433900011617623,2025,source_panel_daily_asof,kraken_xbt,btc_crossvenue,4,0.0002799770760014356
board-b-provider-raw-daily-consensus/v1,20260511T212329+0800-codex-board-b-provider-raw-daily-consensus-v1,ProviderRawDailyConsensusV1,dispersion_reversion,XBT/USD,1d,ProviderRawDailyConsensusV1:dispersion_reversion:XBT/USD:1d:kraken_xbt:574,2025-12-01T00:00:00+00:00,2025-12-04T00:00:00+00:00,2025-12-01,^IXIC,Sideways,0.9529358324,0.6,17.239999771118164,component_pass_from_205047_not_rescored_here,RawProviderRange,DispersionReversion,provider_raw_daily_consensus,ProviderRawDailyConsensusV1:dispersion_reversion,Sideways -> RawProviderRange -> DispersionReversion -> ProviderRawDailyConsensusV1:dispersion_reversion,board-b-provider-raw-daily-consensus/v1,1d_hold_3,long_short_research_only_until_branch_rc_spa_passes,suppress_if_sideways_raw_provider_branch_rc_spa_fails,long,1,86300.0,92142.6,0.06770104287369638,0.0018,0.06590104287369639,2025,source_panel_daily_asof,kraken_xbt,btc_crossvenue,4,0.0003786011532655985
board-b-provider-raw-daily-consensus/v1,20260511T212329+0800-codex-board-b-provider-raw-daily-consensus-v1,ProviderRawDailyConsensusV1,dispersion_reversion,XBT/USD,1d,ProviderRawDailyConsensusV1:dispersion_reversion:XBT/USD:1d:kraken_xbt:588,2025-12-15T00:00:00+00:00,2025-12-18T00:00:00+00:00,2025-12-15,^IXIC,Sideways,0.9529358324,0.75,16.5,component_pass_from_205047_not_rescored_here,RawProviderRange,DispersionReversion,provider_raw_daily_consensus,ProviderRawDailyConsensusV1:dispersion_reversion,Sideways -> RawProviderRange -> DispersionReversion -> ProviderRawDailyConsensusV1:dispersion_reversion,board-b-provider-raw-daily-consensus/v1,1d_hold_3,long_short_research_only_until_branch_rc_spa_passes,suppress_if_sideways_raw_provider_branch_rc_spa_fails,long,1,86434.3,85462.5,-0.011243221730262154,0.0018,-0.013043221730262154,2025,source_panel_daily_asof,kraken_xbt,btc_crossvenue,4,0.0002265604024716939
board-b-provider-raw-daily-consensus/v1,20260511T212329+0800-codex-board-b-provider-raw-daily-consensus-v1,ProviderRawDailyConsensusV1,dispersion_reversion,XBT/USD,1d,ProviderRawDailyConsensusV1:dispersion_reversion:XBT/USD:1d:kraken_xbt:605,2026-01-01T00:00:00+00:00,2026-01-04T00:00:00+00:00,2026-01-01,^IXIC,Sideways,0.9529358324,1.0,14.949999809265137,component_pass_from_205047_not_rescored_here,RawProviderRange,DispersionReversion,provider_raw_daily_consensus,ProviderRawDailyConsensusV1:dispersion_reversion,Sideways -> RawProviderRange -> DispersionReversion -> ProviderRawDailyConsensusV1:dispersion_reversion,board-b-provider-raw-daily-consensus/v1,1d_hold_3,long_short_research_only_until_branch_rc_spa_passes,suppress_if_sideways_raw_provider_branch_rc_spa_fails,short,-1,88731.8,91507.0,-0.03127627299344771,0.0018,-0.03307627299344771,2026,source_panel_daily_asof,kraken_xbt,btc_crossvenue,1,0.0
board-b-provider-raw-daily-consensus/v1,20260511T212329+0800-codex-board-b-provider-raw-daily-consensus-v1,ProviderRawDailyConsensusV1,dispersion_reversion,XBT/USD,1d,ProviderRawDailyConsensusV1:dispersion_reversion:XBT/USD:1d:kraken_xbt:624,2026-01-20T00:00:00+00:00,2026-01-23T00:00:00+00:00,2026-01-20,^IXIC,Sideways,0.9529358324,1.0,20.09000015258789,component_pass_from_205047_not_rescored_here,RawProviderRange,DispersionReversion,provider_raw_daily_consensus,ProviderRawDailyConsensusV1:dispersion_reversion,Sideways -> RawProviderRange -> DispersionReversion -> ProviderRawDailyConsensusV1:dispersion_reversion,board-b-provider-raw-daily-consensus/v1,1d_hold_3,long_short_research_only_until_branch_rc_spa_passes,suppress_if_sideways_raw_provider_branch_rc_spa_fails,long,1,88309.9,89495.0,0.01341978645655817,0.0018,0.01161978645655817,2026,source_panel_daily_asof,kraken_xbt,btc_crossvenue,1,0.0
board-b-provider-raw-daily-consensus/v1,20260511T212329+0800-codex-board-b-provider-raw-daily-consensus-v1,ProviderRawDailyConsensusV1,defensive_fx_long,EUR/USD,1d,ProviderRawDailyConsensusV1:defensive_fx_long:EUR/USD:1d:yf_eurusd:13,2023-01-19T00:00:00+00:00,2023-01-27T00:00:00+00:00,2023-01-19,^IXIC,Bear,0.963920242,0.333,20.520000457763672,component_pass_from_205047_not_rescored_here,RawProviderRiskOff,DefensiveOrBreakdown,provider_raw_daily_consensus,ProviderRawDailyConsensusV1:defensive_fx_long,Bear -> RawProviderRiskOff -> DefensiveOrBreakdown -> ProviderRawDailyConsensusV1:defensive_fx_long,board-b-provider-raw-daily-consensus/v1,1d_hold_6,short_or_defensive_research_only_until_branch_rc_spa_passes,suppress_if_bear_raw_provider_branch_rc_spa_fails,long,1,1.0797853469848633,1.0894432067871094,0.008944240472621878,0.0008,0.008144240472621878,2023,source_panel_daily_asof,yf_eurusd,fx_defensive,1,0.0
board-b-provider-raw-daily-consensus/v1,20260511T212329+0800-codex-board-b-provider-raw-daily-consensus-v1,ProviderRawDailyConsensusV1,defensive_fx_long,EUR/USD,1d,ProviderRawDailyConsensusV1:defensive_fx_long:EUR/USD:1d:yf_eurusd:50,2023-03-13T00:00:00+00:00,2023-03-21T00:00:00+00:00,2023-03-13,^IXIC,Bear,0.963920242,0.333,26.520000457763672,component_pass_from_205047_not_rescored_here,RawProviderRiskOff,DefensiveOrBreakdown,provider_raw_daily_consensus,ProviderRawDailyConsensusV1:defensive_fx_long,Bear -> RawProviderRiskOff -> DefensiveOrBreakdown -> ProviderRawDailyConsensusV1:defensive_fx_long,board-b-provider-raw-daily-consensus/v1,1d_hold_6,short_or_defensive_research_only_until_branch_rc_spa_passes,suppress_if_bear_raw_provider_branch_rc_spa_fails,long,1,1.0683646202087402,1.071914792060852,0.00332299646109413,0.0008,0.00252299646109413,2023,source_panel_daily_asof,yf_eurusd,fx_defensive,1,0.0
board-b-provider-raw-daily-consensus/v1,20260511T212329+0800-codex-board-b-provider-raw-daily-consensus-v1,ProviderRawDailyConsensusV1,defensive_fx_long,EUR/USD,1d,ProviderRawDailyConsensusV1:defensive_fx_long:EUR/USD:1d:yf_eurusd:415,2024-08-04T23:00:00+00:00,2024-08-12T23:00:00+00:00,2024-08-04,^IXIC,Bear,0.963920242,0.667,23.38999938964844,component_pass_from_205047_not_rescored_here,RawProviderRiskOff,DefensiveOrBreakdown,provider_raw_daily_consensus,ProviderRawDailyConsensusV1:defensive_fx_long,Bear -> RawProviderRiskOff -> DefensiveOrBreakdown -> ProviderRawDailyConsensusV1:defensive_fx_long,board-b-provider-raw-daily-consensus/v1,1d_hold_6,short_or_defensive_research_only_until_branch_rc_spa_passes,suppress_if_bear_raw_provider_branch_rc_spa_fails,long,1,1.0910836458206177,1.0936251878738403,0.0023293741620618036,0.0008,0.0015293741620618037,2024,source_panel_daily_asof,yf_eurusd,fx_defensive,2,0.0005664169840661474
board-b-provider-raw-daily-consensus/v1,20260511T212329+0800-codex-board-b-provider-raw-daily-consensus-v1,ProviderRawDailyConsensusV1,defensive_fx_long,EUR/USD,1d,ProviderRawDailyConsensusV1:defensive_fx_long:EUR/USD:1d:yf_eurusd:422,2024-08-13T23:00:00+00:00,2024-08-21T23:00:00+00:00,2024-08-13,^IXIC,Bear,0.963920242,0.4,18.1200008392334,component_pass_from_205047_not_rescored_here,RawProviderRiskOff,DefensiveOrBreakdown,provider_raw_daily_consensus,ProviderRawDailyConsensusV1:defensive_fx_long,Bear -> RawProviderRiskOff -> DefensiveOrBreakdown -> ProviderRawDailyConsensusV1:defensive_fx_long,board-b-provider-raw-daily-consensus/v1,1d_hold_6,short_or_defensive_research_only_until_branch_rc_spa_passes,suppress_if_bear_raw_provider_branch_rc_spa_fails,long,1,1.0996986627578735,1.115536093711853,0.014401609723032394,0.0008,0.013601609723032393,2024,source_panel_daily_asof,yf_eurusd,fx_defensive,2,0.0002628191879337004
board-b-provider-raw-daily-consensus/v1,20260511T212329+0800-codex-board-b-provider-raw-daily-consensus-v1,ProviderRawDailyConsensusV1,defensive_fx_long,EUR/USD,1d,ProviderRawDailyConsensusV1:defensive_fx_long:EUR/USD:1d:yf_eurusd:562,2025-02-27T00:00:00+00:00,2025-03-07T00:00:00+00:00,2025-02-27,^IXIC,Bear,0.963920242,0.6,21.1299991607666,component_pass_from_205047_not_rescored_here,RawProviderRiskOff,DefensiveOrBreakdown,provider_raw_daily_consensus,ProviderRawDailyConsensusV1:defensive_fx_long,Bear -> RawProviderRiskOff -> DefensiveOrBreakdown -> ProviderRawDailyConsensusV1:defensive_fx_long,board-b-provider-raw-daily-consensus/v1,1d_hold_6,short_or_defensive_research_only_until_branch_rc_spa_passes,suppress_if_bear_raw_provider_branch_rc_spa_fails,long,1,1.0488777160644531,1.0787951946258545,0.02852332364697019,0.0008,0.02772332364697019,2025,source_panel_daily_asof,yf_eurusd,fx_defensive,2,0.0057452872504689875
board-b-provider-raw-daily-consensus/v1,20260511T212329+0800-codex-board-b-provider-raw-daily-consensus-v1,ProviderRawDailyConsensusV1,defensive_fx_long,EUR/USD,1d,ProviderRawDailyConsensusV1:defensive_fx_long:EUR/USD:1d:yf_eurusd:569,2025-03-10T00:00:00+00:00,2025-03-18T00:00:00+00:00,2025-03-10,^IXIC,Bear,0.963920242,0.667,27.86000061035156,component_pass_from_205047_not_rescored_here,RawProviderRiskOff,DefensiveOrBreakdown,provider_raw_daily_consensus,ProviderRawDailyConsensusV1:defensive_fx_long,Bear -> RawProviderRiskOff -> DefensiveOrBreakdown -> ProviderRawDailyConsensusV1:defensive_fx_long,board-b-provider-raw-daily-consensus/v1,1d_hold_6,short_or_defensive_research_only_until_branch_rc_spa_passes,suppress_if_bear_raw_provider_branch_rc_spa_fails,long,1,1.086059331893921,1.091917634010315,0.005394090308287414,0.0008,0.004594090308287413,2025,source_panel_daily_asof,yf_eurusd,fx_defensive,2,0.0013550995697812931
board-b-provider-raw-daily-consensus/v1,20260511T212329+0800-codex-board-b-provider-raw-daily-consensus-v1,ProviderRawDailyConsensusV1,defensive_fx_long,EUR/USD,1d,ProviderRawDailyConsensusV1:defensive_fx_long:EUR/USD:1d:yf_eurusd:576,2025-03-19T00:00:00+00:00,2025-03-27T00:00:00+00:00,2025-03-19,^IXIC,Bear,0.963920242,0.5,19.899999618530273,component_pass_from_205047_not_rescored_here,RawProviderRiskOff,DefensiveOrBreakdown,provider_raw_daily_consensus,ProviderRawDailyConsensusV1:defensive_fx_long,Bear -> RawProviderRiskOff -> DefensiveOrBreakdown -> ProviderRawDailyConsensusV1:defensive_fx_long,board-b-provider-raw-daily-consensus/v1,1d_hold_6,short_or_defensive_research_only_until_branch_rc_spa_passes,suppress_if_bear_raw_provider_branch_rc_spa_fails,long,1,1.093948245048523,1.0742061138153076,-0.01804667754857059,0.0008,-0.018846677548570587,2025,source_panel_daily_asof,yf_eurusd,fx_defensive,2,0.0018564112647159803
board-b-provider-raw-daily-consensus/v1,20260511T212329+0800-codex-board-b-provider-raw-daily-consensus-v1,ProviderRawDailyConsensusV1,defensive_fx_long,EUR/USD,1d,ProviderRawDailyConsensusV1:defensive_fx_long:EUR/USD:1d:yf_eurusd:588,2025-04-03T23:00:00+00:00,2025-04-13T23:00:00+00:00,2025-04-03,^IXIC,Bear,0.963920242,0.5,30.020000457763672,component_pass_from_205047_not_rescored_here,RawProviderRiskOff,DefensiveOrBreakdown,provider_raw_daily_consensus,ProviderRawDailyConsensusV1:defensive_fx_long,Bear -> RawProviderRiskOff -> DefensiveOrBreakdown -> ProviderRawDailyConsensusV1:defensive_fx_long,board-b-provider-raw-daily-consensus/v1,1d_hold_6,short_or_defensive_research_only_until_branch_rc_spa_passes,suppress_if_bear_raw_provider_branch_rc_spa_fails,long,1,1.1043744087219238,1.1343141794204712,0.027110163421113942,0.0008,0.026310163421113943,2025,source_panel_daily_asof,yf_eurusd,fx_defensive,2,9.225649711787956e-06
board-b-provider-raw-daily-consensus/v1,20260511T212329+0800-codex-board-b-provider-raw-daily-consensus-v1,ProviderRawDailyConsensusV1,defensive_fx_long,EUR/USD,1d,ProviderRawDailyConsensusV1:defensive_fx_long:EUR/USD:1d:yf_eurusd:595,2025-04-14T23:00:00+00:00,2025-04-24T23:00:00+00:00,2025-04-14,^IXIC,Bear,0.963920242,0.5,30.88999938964844,component_pass_from_205047_not_rescored_here,RawProviderRiskOff,DefensiveOrBreakdown,provider_raw_daily_consensus,ProviderRawDailyConsensusV1:defensive_fx_long,Bear -> RawProviderRiskOff -> DefensiveOrBreakdown -> ProviderRawDailyConsensusV1:defensive_fx_long,board-b-provider-raw-daily-consensus/v1,1d_hold_6,short_or_defensive_research_only_until_branch_rc_spa_passes,suppress_if_bear_raw_provider_branch_rc_spa_fails,long,1,1.1339668035507202,1.1371906995773315,0.002843025048455239,0.0008,0.002043025048455239,2025,source_panel_daily_asof,yf_eurusd,fx_defensive,2,0.00044711793834539295
board-b-provider-raw-daily-consensus/v1,20260511T212329+0800-codex-board-b-provider-raw-daily-consensus-v1,ProviderRawDailyConsensusV1,defensive_fx_long,EUR/USD,1d,ProviderRawDailyConsensusV1:defensive_fx_long:EUR/USD:1d:yf_eurusd:602,2025-04-27T23:00:00+00:00,2025-05-05T23:00:00+00:00,2025-04-27,^IXIC,Bear,0.963920242,0.333,24.84000015258789,component_pass_from_205047_not_rescored_here,RawProviderRiskOff,DefensiveOrBreakdown,provider_raw_daily_consensus,ProviderRawDailyConsensusV1:defensive_fx_long,Bear -> RawProviderRiskOff -> DefensiveOrBreakdown -> ProviderRawDailyConsensusV1:defensive_fx_long,board-b-provider-raw-daily-consensus/v1,1d_hold_6,short_or_defensive_research_only_until_branch_rc_spa_passes,suppress_if_bear_raw_provider_branch_rc_spa_fails,long,1,1.1343141794204712,1.1313369274139404,-0.002624715498180441,0.0008,-0.003424715498180441,2025,source_panel_daily_asof,yf_eurusd,fx_defensive,2,5.349665841624105e-05
board-b-provider-raw-daily-consensus/v1,20260511T212329+0800-codex-board-b-provider-raw-daily-consensus-v1,ProviderRawDailyConsensusV1,dispersion_reversion,EUR/USD,1d,ProviderRawDailyConsensusV1:dispersion_reversion:EUR/USD:1d:yf_eurusd:9,2023-01-13T00:00:00+00:00,2023-01-18T00:00:00+00:00,2023-01-13,^IXIC,Sideways,0.9529358324,0.5,18.350000381469727,component_pass_from_205047_not_rescored_here,RawProviderRange,DispersionReversion,provider_raw_daily_consensus,ProviderRawDailyConsensusV1:dispersion_reversion,Sideways -> RawProviderRange -> DispersionReversion -> ProviderRawDailyConsensusV1:dispersion_reversion,board-b-provider-raw-daily-consensus/v1,1d_hold_3,long_short_research_only_until_branch_rc_spa_passes,suppress_if_sideways_raw_provider_branch_rc_spa_fails,short,-1,1.0860239267349243,1.0793308019638062,0.006162962533653116,0.0008,0.005362962533653115,2023,source_panel_daily_asof,yf_eurusd,fx_defensive,1,0.0
board-b-provider-raw-daily-consensus/v1,20260511T212329+0800-codex-board-b-provider-raw-daily-consensus-v1,ProviderRawDailyConsensusV1,dispersion_reversion,EUR/USD,1d,ProviderRawDailyConsensusV1:dispersion_reversion:EUR/USD:1d:yf_eurusd:36,2023-02-21T00:00:00+00:00,2023-02-24T00:00:00+00:00,2023-02-21,^IXIC,Sideways,0.9529358324,0.375,22.8700008392334,component_pass_from_205047_not_rescored_here,RawProviderRange,DispersionReversion,provider_raw_daily_consensus,ProviderRawDailyConsensusV1:dispersion_reversion,Sideways -> RawProviderRange -> DispersionReversion -> ProviderRawDailyConsensusV1:dispersion_reversion,board-b-provider-raw-daily-consensus/v1,1d_hold_3,long_short_research_only_until_branch_rc_spa_passes,suppress_if_sideways_raw_provider_branch_rc_spa_fails,long,1,1.068261981010437,1.0598047971725464,-0.00791676947062292,0.0008,-0.00871676947062292,2023,source_panel_daily_asof,yf_eurusd,fx_defensive,1,0.0
board-b-provider-raw-daily-consensus/v1,20260511T212329+0800-codex-board-b-provider-raw-daily-consensus-v1,ProviderRawDailyConsensusV1,dispersion_reversion,EUR/USD,1d,ProviderRawDailyConsensusV1:dispersion_reversion:EUR/USD:1d:yf_eurusd:47,2023-03-08T00:00:00+00:00,2023-03-13T00:00:00+00:00,2023-03-08,^IXIC,Sideways,0.9529358324,0.5,19.11000061035156,component_pass_from_205047_not_rescored_here,RawProviderRange,DispersionReversion,provider_raw_daily_consensus,ProviderRawDailyConsensusV1:dispersion_reversion,Sideways -> RawProviderRange -> DispersionReversion -> ProviderRawDailyConsensusV1:dispersion_reversion,board-b-provider-raw-daily-consensus/v1,1d_hold_3,long_short_research_only_until_branch_rc_spa_passes,suppress_if_sideways_raw_provider_branch_rc_spa_fails,long,1,1.05507493019104,1.0683646202087402,0.012595967961530397,0.0008,0.011795967961530396,2023,source_panel_daily_asof,yf_eurusd,fx_defensive,1,0.0
board-b-provider-raw-daily-consensus/v1,20260511T212329+0800-codex-board-b-provider-raw-daily-consensus-v1,ProviderRawDailyConsensusV1,dispersion_reversion,EUR/USD,1d,ProviderRawDailyConsensusV1:dispersion_reversion:EUR/USD:1d:yf_eurusd:51,2023-03-14T00:00:00+00:00,2023-03-17T00:00:00+00:00,2023-03-14,^IXIC,Sideways,0.9529358324,0.5,23.729999542236328,component_pass_from_205047_not_rescored_here,RawProviderRange,DispersionReversion,provider_raw_daily_consensus,ProviderRawDailyConsensusV1:dispersion_reversion,Sideways -> RawProviderRange -> DispersionReversion -> ProviderRawDailyConsensusV1:dispersion_reversion,board-b-provider-raw-daily-consensus/v1,1d_hold_3,long_short_research_only_until_branch_rc_spa_passes,suppress_if_sideways_raw_provider_branch_rc_spa_fails,short,-1,1.0725010633468628,1.0614134073257446,0.010338130562330461,0.0008,0.00953813056233046,2023,source_panel_daily_asof,yf_eurusd,fx_defensive,1,0.0
board-b-provider-raw-daily-consensus/v1,20260511T212329+0800-codex-board-b-provider-raw-daily-consensus-v1,ProviderRawDailyConsensusV1,dispersion_reversion,EUR/USD,1d,ProviderRawDailyConsensusV1:dispersion_reversion:EUR/USD:1d:yf_eurusd:88,2023-05-03T23:00:00+00:00,2023-05-08T23:00:00+00:00,2023-05-03,^IXIC,Sideways,0.9529358324,0.333,18.34000015258789,component_pass_from_205047_not_rescored_here,RawProviderRange,DispersionReversion,provider_raw_daily_consensus,ProviderRawDailyConsensusV1:dispersion_reversion,Sideways -> RawProviderRange -> DispersionReversion -> ProviderRawDailyConsensusV1:dispersion_reversion,board-b-provider-raw-daily-consensus/v1,1d_hold_3,long_short_research_only_until_branch_rc_spa_passes,suppress_if_sideways_raw_provider_branch_rc_spa_fails,short,-1,1.1068925857543943,1.0996140241622925,0.0065756711046548455,0.0008,0.005775671104654845,2023,source_panel_daily_asof,yf_eurusd,fx_defensive,1,0.0
board-b-provider-raw-daily-consensus/v1,20260511T212329+0800-codex-board-b-provider-raw-daily-consensus-v1,ProviderRawDailyConsensusV1,dispersion_reversion,EUR/USD,1d,ProviderRawDailyConsensusV1:dispersion_reversion:EUR/USD:1d:yf_eurusd:160,2023-08-13T23:00:00+00:00,2023-08-16T23:00:00+00:00,2023-08-13,^IXIC,Sideways,0.9529358324,0.8,14.84000015258789,component_pass_from_205047_not_rescored_here,RawProviderRange,DispersionReversion,provider_raw_daily_consensus,ProviderRawDailyConsensusV1:dispersion_reversion,Sideways -> RawProviderRange -> DispersionReversion -> ProviderRawDailyConsensusV1:dispersion_reversion,board-b-provider-raw-daily-consensus/v1,1d_hold_3,long_short_research_only_until_branch_rc_spa_passes,suppress_if_sideways_raw_provider_branch_rc_spa_fails,long,1,1.094439148902893,1.0874884128570557,-0.006350957065822338,0.0008,-0.007150957065822338,2023,source_panel_daily_asof,yf_eurusd,fx_defensive,1,0.0
board-b-provider-raw-daily-consensus/v1,20260511T212329+0800-codex-board-b-provider-raw-daily-consensus-v1,ProviderRawDailyConsensusV1,dispersion_reversion,EUR/USD,1d,ProviderRawDailyConsensusV1:dispersion_reversion:EUR/USD:1d:yf_eurusd:211,2023-10-23T23:00:00+00:00,2023-10-26T23:00:00+00:00,2023-10-23,^IXIC,Sideways,0.9529358324,0.8,20.3700008392334,component_pass_from_205047_not_rescored_here,RawProviderRange,DispersionReversion,provider_raw_daily_consensus,ProviderRawDailyConsensusV1:dispersion_reversion,Sideways -> RawProviderRange -> DispersionReversion -> ProviderRawDailyConsensusV1:dispersion_reversion,board-b-provider-raw-daily-consensus/v1,1d_hold_3,long_short_research_only_until_branch_rc_spa_passes,suppress_if_sideways_raw_provider_branch_rc_spa_fails,short,-1,1.0669853687286377,1.0564459562301636,0.009877747912356405,0.0008,0.009077747912356405,2023,source_panel_daily_asof,yf_eurusd,fx_defensive,1,0.0
board-b-provider-raw-daily-consensus/v1,20260511T212329+0800-codex-board-b-provider-raw-daily-consensus-v1,ProviderRawDailyConsensusV1,dispersion_reversion,EUR/USD,1d,ProviderRawDailyConsensusV1:dispersion_reversion:EUR/USD:1d:yf_eurusd:216,2023-10-31T00:00:00+00:00,2023-11-03T00:00:00+00:00,2023-10-31,^IXIC,Sideways,0.9529358324,0.6,18.13999938964844,component_pass_from_205047_not_rescored_here,RawProviderRange,DispersionReversion,provider_raw_daily_consensus,ProviderRawDailyConsensusV1:dispersion_reversion,Sideways -> RawProviderRange -> DispersionReversion -> ProviderRawDailyConsensusV1:dispersion_reversion,board-b-provider-raw-daily-consensus/v1,1d_hold_3,long_short_research_only_until_branch_rc_spa_passes,suppress_if_sideways_raw_provider_branch_rc_spa_fails,short,-1,1.061503529548645,1.061909317970276,-0.00038227703472970553,0.0008,-0.0011822770347297055,2023,source_panel_daily_asof,yf_eurusd,fx_defensive,1,0.0
board-b-provider-raw-daily-consensus/v1,20260511T212329+0800-codex-board-b-provider-raw-daily-consensus-v1,ProviderRawDailyConsensusV1,dispersion_reversion,EUR/USD,1d,ProviderRawDailyConsensusV1:dispersion_reversion:EUR/USD:1d:yf_eurusd:222,2023-11-08T00:00:00+00:00,2023-11-13T00:00:00+00:00,2023-11-08,^IXIC,Sideways,0.9529358324,0.5,14.449999809265137,component_pass_from_205047_not_rescored_here,RawProviderRange,DispersionReversion,provider_raw_daily_consensus,ProviderRawDailyConsensusV1:dispersion_reversion,Sideways -> RawProviderRange -> DispersionReversion -> ProviderRawDailyConsensusV1:dispersion_reversion,board-b-provider-raw-daily-consensus/v1,1d_hold_3,long_short_research_only_until_branch_rc_spa_passes,suppress_if_sideways_raw_provider_branch_rc_spa_fails,short,-1,1.0696102380752563,1.069015622138977,0.0005559183290441139,0.0008,-0.00024408167095588617,2023,source_panel_daily_asof,yf_eurusd,fx_defensive,1,0.0
board-b-provider-raw-daily-consensus/v1,20260511T212329+0800-codex-board-b-provider-raw-daily-consensus-v1,ProviderRawDailyConsensusV1,dispersion_reversion,EUR/USD,1d,ProviderRawDailyConsensusV1:dispersion_reversion:EUR/USD:1d:yf_eurusd:333,2024-04-10T23:00:00+00:00,2024-04-15T23:00:00+00:00,2024-04-10,^IXIC,Sideways,0.9529358324,0.6,15.800000190734863,component_pass_from_205047_not_rescored_here,RawProviderRange,DispersionReversion,provider_raw_daily_consensus,ProviderRawDailyConsensusV1:dispersion_reversion,Sideways -> RawProviderRange -> DispersionReversion -> ProviderRawDailyConsensusV1:dispersion_reversion,board-b-provider-raw-daily-consensus/v1,1d_hold_3,long_short_research_only_until_branch_rc_spa_passes,suppress_if_sideways_raw_provider_branch_rc_spa_fails,long,1,1.074171543121338,1.0625749826431274,-0.010795817998038748,0.0008,-0.011595817998038748,2024,source_panel_daily_asof,yf_eurusd,fx_defensive,1,0.0
board-b-provider-raw-daily-consensus/v1,20260511T212329+0800-codex-board-b-provider-raw-daily-consensus-v1,ProviderRawDailyConsensusV1,dispersion_reversion,EUR/USD,1d,ProviderRawDailyConsensusV1:dispersion_reversion:EUR/USD:1d:yf_eurusd:412,2024-07-30T23:00:00+00:00,2024-08-04T23:00:00+00:00,2024-07-30,^IXIC,Sideways,0.9529358324,0.75,17.690000534057617,component_pass_from_205047_not_rescored_here,RawProviderRange,DispersionReversion,provider_raw_daily_consensus,ProviderRawDailyConsensusV1:dispersion_reversion,Sideways -> RawProviderRange -> DispersionReversion -> ProviderRawDailyConsensusV1:dispersion_reversion,board-b-provider-raw-daily-consensus/v1,1d_hold_3,long_short_research_only_until_branch_rc_spa_passes,suppress_if_sideways_raw_provider_branch_rc_spa_fails,long,1,1.081607222557068,1.0910836458206177,0.008761427499666574,0.0008,0.007961427499666574,2024,source_panel_daily_asof,yf_eurusd,fx_defensive,2,2.4334873945218854e-05
board-b-provider-raw-daily-consensus/v1,20260511T212329+0800-codex-board-b-provider-raw-daily-consensus-v1,ProviderRawDailyConsensusV1,dispersion_reversion,EUR/USD,1d,ProviderRawDailyConsensusV1:dispersion_reversion:EUR/USD:1d:yf_eurusd:423,2024-08-14T23:00:00+00:00,2024-08-19T23:00:00+00:00,2024-08-14,^IXIC,Sideways,0.9529358324,0.75,16.190000534057617,component_pass_from_205047_not_rescored_here,RawProviderRange,DispersionReversion,provider_raw_daily_consensus,ProviderRawDailyConsensusV1:dispersion_reversion,Sideways -> RawProviderRange -> DispersionReversion -> ProviderRawDailyConsensusV1:dispersion_reversion,board-b-provider-raw-daily-consensus/v1,1d_hold_3,long_short_research_only_until_branch_rc_spa_passes,suppress_if_sideways_raw_provider_branch_rc_spa_fails,short,-1,1.101321578025818,1.1086474657058716,-0.0066519060610668035,0.0008,-0.007451906061066804,2024,source_panel_daily_asof,yf_eurusd,fx_defensive,2,0.0003285364914354968
board-b-provider-raw-daily-consensus/v1,20260511T212329+0800-codex-board-b-provider-raw-daily-consensus-v1,ProviderRawDailyConsensusV1,dispersion_reversion,EUR/USD,1d,ProviderRawDailyConsensusV1:dispersion_reversion:EUR/USD:1d:yf_eurusd:442,2024-09-10T23:00:00+00:00,2024-09-15T23:00:00+00:00,2024-09-10,^IXIC,Sideways,0.9529358324,0.75,19.079999923706055,component_pass_from_205047_not_rescored_here,RawProviderRange,DispersionReversion,provider_raw_daily_consensus,ProviderRawDailyConsensusV1:dispersion_reversion,Sideways -> RawProviderRange -> DispersionReversion -> ProviderRawDailyConsensusV1:dispersion_reversion,board-b-provider-raw-daily-consensus/v1,1d_hold_3,long_short_research_only_until_branch_rc_spa_passes,suppress_if_sideways_raw_provider_branch_rc_spa_fails,long,1,1.1020983457565308,1.1088441610336304,0.006120883225234186,0.0008,0.005320883225234186,2024,source_panel_daily_asof,yf_eurusd,fx_defensive,2,0.00015935670076837376
board-b-provider-raw-daily-consensus/v1,20260511T212329+0800-codex-board-b-provider-raw-daily-consensus-v1,ProviderRawDailyConsensusV1,dispersion_reversion,EUR/USD,1d,ProviderRawDailyConsensusV1:dispersion_reversion:EUR/USD:1d:yf_eurusd:521,2024-12-31T00:00:00+00:00,2025-01-06T00:00:00+00:00,2024-12-31,^IXIC,Sideways,0.9529358324,0.6,17.350000381469727,component_pass_from_205047_not_rescored_here,RawProviderRange,DispersionReversion,provider_raw_daily_consensus,ProviderRawDailyConsensusV1:dispersion_reversion,Sideways -> RawProviderRange -> DispersionReversion -> ProviderRawDailyConsensusV1:dispersion_reversion,board-b-provider-raw-daily-consensus/v1,1d_hold_3,long_short_research_only_until_branch_rc_spa_passes,suppress_if_sideways_raw_provider_branch_rc_spa_fails,long,1,1.040615200996399,1.030534744262695,-0.00968701660714899,0.0008,-0.01048701660714899,2024,source_panel_daily_asof,yf_eurusd,fx_defensive,2,0.0034024473684373
board-b-provider-raw-daily-consensus/v1,20260511T212329+0800-codex-board-b-provider-raw-daily-consensus-v1,ProviderRawDailyConsensusV1,dispersion_reversion,EUR/USD,1d,ProviderRawDailyConsensusV1:dispersion_reversion:EUR/USD:1d:yf_eurusd:534,2025-01-20T00:00:00+00:00,2025-01-23T00:00:00+00:00,2025-01-20,^IXIC,Sideways,0.9529358324,0.6,15.970000267028809,component_pass_from_205047_not_rescored_here,RawProviderRange,DispersionReversion,provider_raw_daily_consensus,ProviderRawDailyConsensusV1:dispersion_reversion,Sideways -> RawProviderRange -> DispersionReversion -> ProviderRawDailyConsensusV1:dispersion_reversion,board-b-provider-raw-daily-consensus/v1,1d_hold_3,long_short_research_only_until_branch_rc_spa_passes,suppress_if_sideways_raw_provider_branch_rc_spa_fails,long,1,1.0277386903762815,1.0410159826278689,0.012918937834992095,0.0008,0.012118937834992094,2025,source_panel_daily_asof,yf_eurusd,fx_defensive,2,0.009337222990174423
board-b-provider-raw-daily-consensus/v1,20260511T212329+0800-codex-board-b-provider-raw-daily-consensus-v1,ProviderRawDailyConsensusV1,dispersion_reversion,EUR/USD,1d,ProviderRawDailyConsensusV1:dispersion_reversion:EUR/USD:1d:yf_eurusd:539,2025-01-27T00:00:00+00:00,2025-01-30T00:00:00+00:00,2025-01-27,^IXIC,Sideways,0.9529358324,1.0,17.899999618530273,component_pass_from_205047_not_rescored_here,RawProviderRange,DispersionReversion,provider_raw_daily_consensus,ProviderRawDailyConsensusV1:dispersion_reversion,Sideways -> RawProviderRange -> DispersionReversion -> ProviderRawDailyConsensusV1:dispersion_reversion,board-b-provider-raw-daily-consensus/v1,1d_hold_3,long_short_research_only_until_branch_rc_spa_passes,suppress_if_sideways_raw_provider_branch_rc_spa_fails,short,-1,1.0467586517333984,1.0425245761871338,0.004044939623143451,0.0008,0.003244939623143451,2025,source_panel_daily_asof,yf_eurusd,fx_defensive,2,0.002116631139211871
board-b-provider-raw-daily-consensus/v1,20260511T212329+0800-codex-board-b-provider-raw-daily-consensus-v1,ProviderRawDailyConsensusV1,dispersion_reversion,EUR/USD,1d,ProviderRawDailyConsensusV1:dispersion_reversion:EUR/USD:1d:yf_eurusd:544,2025-02-03T00:00:00+00:00,2025-02-06T00:00:00+00:00,2025-02-03,^IXIC,Sideways,0.9529358324,0.75,18.6200008392334,component_pass_from_205047_not_rescored_here,RawProviderRange,DispersionReversion,provider_raw_daily_consensus,ProviderRawDailyConsensusV1:dispersion_reversion,Sideways -> RawProviderRange -> DispersionReversion -> ProviderRawDailyConsensusV1:dispersion_reversion,board-b-provider-raw-daily-consensus/v1,1d_hold_3,long_short_research_only_until_branch_rc_spa_passes,suppress_if_sideways_raw_provider_branch_rc_spa_fails,long,1,1.024779200553894,1.0400848388671875,0.014935547389155479,0.0008,0.014135547389155479,2025,source_panel_daily_asof,yf_eurusd,fx_defensive,2,0.005019735716508293
board-b-provider-raw-daily-consensus/v1,20260511T212329+0800-codex-board-b-provider-raw-daily-consensus-v1,ProviderRawDailyConsensusV1,dispersion_reversion,EUR/USD,1d,ProviderRawDailyConsensusV1:dispersion_reversion:EUR/USD:1d:yf_eurusd:559,2025-02-24T00:00:00+00:00,2025-02-27T00:00:00+00:00,2025-02-24,^IXIC,Sideways,0.9529358324,1.0,18.979999542236328,component_pass_from_205047_not_rescored_here,RawProviderRange,DispersionReversion,provider_raw_daily_consensus,ProviderRawDailyConsensusV1:dispersion_reversion,Sideways -> RawProviderRange -> DispersionReversion -> ProviderRawDailyConsensusV1:dispersion_reversion,board-b-provider-raw-daily-consensus/v1,1d_hold_3,long_short_research_only_until_branch_rc_spa_passes,suppress_if_sideways_raw_provider_branch_rc_spa_fails,short,-1,1.0474823713302612,1.0488777160644531,-0.0013320937634682117,0.0008,-0.0021320937634682117,2025,source_panel_daily_asof,yf_eurusd,fx_defensive,2,0.0012042207802650646
board-b-provider-raw-daily-consensus/v1,20260511T212329+0800-codex-board-b-provider-raw-daily-consensus-v1,ProviderRawDailyConsensusV1,dispersion_reversion,EUR/USD,1d,ProviderRawDailyConsensusV1:dispersion_reversion:EUR/USD:1d:yf_eurusd:566,2025-03-05T00:00:00+00:00,2025-03-10T00:00:00+00:00,2025-03-05,^IXIC,Sideways,0.9529358324,0.6,21.93000030517578,component_pass_from_205047_not_rescored_here,RawProviderRange,DispersionReversion,provider_raw_daily_consensus,ProviderRawDailyConsensusV1:dispersion_reversion,Sideways -> RawProviderRange -> DispersionReversion -> ProviderRawDailyConsensusV1:dispersion_reversion,board-b-provider-raw-daily-consensus/v1,1d_hold_3,long_short_research_only_until_branch_rc_spa_passes,suppress_if_sideways_raw_provider_branch_rc_spa_fails,short,-1,1.062699317932129,1.086059331893921,-0.021981771859275634,0.0008,-0.022781771859275633,2025,source_panel_daily_asof,yf_eurusd,fx_defensive,2,0.010671969515955901
board-b-provider-raw-daily-consensus/v1,20260511T212329+0800-codex-board-b-provider-raw-daily-consensus-v1,ProviderRawDailyConsensusV1,dispersion_reversion,EUR/USD,1d,ProviderRawDailyConsensusV1:dispersion_reversion:EUR/USD:1d:yf_eurusd:611,2025-05-08T23:00:00+00:00,2025-05-13T23:00:00+00:00,2025-05-08,^IXIC,Sideways,0.9529358324,0.4,22.479999542236328,component_pass_from_205047_not_rescored_here,RawProviderRange,DispersionReversion,provider_raw_daily_consensus,ProviderRawDailyConsensusV1:dispersion_reversion,Sideways -> RawProviderRange -> DispersionReversion -> ProviderRawDailyConsensusV1:dispersion_reversion,board-b-provider-raw-daily-consensus/v1,1d_hold_3,long_short_research_only_until_branch_rc_spa_passes,suppress_if_sideways_raw_provider_branch_rc_spa_fails,long,1,1.122422695159912,1.1185556650161743,-0.0034452529875003135,0.0008,-0.004245252987500314,2025,source_panel_daily_asof,yf_eurusd,fx_defensive,2,0.0007979295501849197
board-b-provider-raw-daily-consensus/v1,20260511T212329+0800-codex-board-b-provider-raw-daily-consensus-v1,ProviderRawDailyConsensusV1,dispersion_reversion,EUR/USD,1d,ProviderRawDailyConsensusV1:dispersion_reversion:EUR/USD:1d:yf_eurusd:643,2025-06-23T23:00:00+00:00,2025-06-26T23:00:00+00:00,2025-06-23,^IXIC,Sideways,0.9529358324,0.75,19.829999923706055,component_pass_from_205047_not_rescored_here,RawProviderRange,DispersionReversion,provider_raw_daily_consensus,ProviderRawDailyConsensusV1:dispersion_reversion,Sideways -> RawProviderRange -> DispersionReversion -> ProviderRawDailyConsensusV1:dispersion_reversion,board-b-provider-raw-daily-consensus/v1,1d_hold_3,long_short_research_only_until_branch_rc_spa_passes,suppress_if_sideways_raw_provider_branch_rc_spa_fails,short,-1,1.1599044799804688,1.1692214012145996,-0.008032490084259214,0.0008,-0.008832490084259214,2025,source_panel_daily_asof,yf_eurusd,fx_defensive,2,0.00022223102818000768
board-b-provider-raw-daily-consensus/v1,20260511T212329+0800-codex-board-b-provider-raw-daily-consensus-v1,ProviderRawDailyConsensusV1,dispersion_reversion,EUR/USD,1d,ProviderRawDailyConsensusV1:dispersion_reversion:EUR/USD:1d:yf_eurusd:752,2025-11-24T00:00:00+00:00,2025-11-27T00:00:00+00:00,2025-11-24,^IXIC,Sideways,0.9529358324,1.0,20.520000457763672,component_pass_from_205047_not_rescored_here,RawProviderRange,DispersionReversion,provider_raw_daily_consensus,ProviderRawDailyConsensusV1:dispersion_reversion,Sideways -> RawProviderRange -> DispersionReversion -> ProviderRawDailyConsensusV1:dispersion_reversion,board-b-provider-raw-daily-consensus/v1,1d_hold_3,long_short_research_only_until_branch_rc_spa_passes,suppress_if_sideways_raw_provider_branch_rc_spa_fails,long,1,1.1507612466812134,1.1602139472961426,0.008214302177963262,0.0008,0.0074143021779632615,2025,source_panel_daily_asof,yf_eurusd,fx_defensive,2,0.0005213400993725512
board-b-provider-raw-daily-consensus/v1,20260511T212329+0800-codex-board-b-provider-raw-daily-consensus-v1,ProviderRawDailyConsensusV1,dispersion_reversion,EUR/USD,1d,ProviderRawDailyConsensusV1:dispersion_reversion:EUR/USD:1d:yf_eurusd:756,2025-11-28T00:00:00+00:00,2025-12-03T00:00:00+00:00,2025-11-28,^IXIC,Sideways,0.9529358324,0.6,16.350000381469727,component_pass_from_205047_not_rescored_here,RawProviderRange,DispersionReversion,provider_raw_daily_consensus,ProviderRawDailyConsensusV1:dispersion_reversion,Sideways -> RawProviderRange -> DispersionReversion -> ProviderRawDailyConsensusV1:dispersion_reversion,board-b-provider-raw-daily-consensus/v1,1d_hold_3,long_short_research_only_until_branch_rc_spa_passes,suppress_if_sideways_raw_provider_branch_rc_spa_fails,short,-1,1.1599851846694946,1.1627906560897827,-0.002418540734283159,0.0008,-0.003218540734283159,2025,source_panel_daily_asof,yf_eurusd,fx_defensive,2,0.0005520001958176567
board-b-provider-raw-daily-consensus/v1,20260511T212329+0800-codex-board-b-provider-raw-daily-consensus-v1,ProviderRawDailyConsensusV1,dispersion_reversion,EUR/USD,1d,ProviderRawDailyConsensusV1:dispersion_reversion:EUR/USD:1d:yf_eurusd:767,2025-12-15T00:00:00+00:00,2025-12-18T00:00:00+00:00,2025-12-15,^IXIC,Sideways,0.9529358324,0.75,16.5,component_pass_from_205047_not_rescored_here,RawProviderRange,DispersionReversion,provider_raw_daily_consensus,ProviderRawDailyConsensusV1:dispersion_reversion,Sideways -> RawProviderRange -> DispersionReversion -> ProviderRawDailyConsensusV1:dispersion_reversion,board-b-provider-raw-daily-consensus/v1,1d_hold_3,long_short_research_only_until_branch_rc_spa_passes,suppress_if_sideways_raw_provider_branch_rc_spa_fails,short,-1,1.1737639904022217,1.1742326021194458,-0.00039923845087752596,0.0008,-0.001199238450877526,2025,source_panel_daily_asof,yf_eurusd,fx_defensive,2,0.0008043900797828342
board-b-provider-raw-daily-consensus/v1,20260511T212329+0800-codex-board-b-provider-raw-daily-consensus-v1,ProviderRawDailyConsensusV1,crisis_defensive_fx_long,EUR/USD,1d,ProviderRawDailyConsensusV1:crisis_defensive_fx_long:EUR/USD:1d:yf_eurusd:32,2023-02-15T00:00:00+00:00,2023-02-23T00:00:00+00:00,2023-02-15,^IXIC,Crisis,0.9619059575,0.333,18.229999542236328,component_pass_from_205047_not_rescored_here,RawProviderStress,TailShortOrDefensiveReversal,provider_raw_daily_consensus,ProviderRawDailyConsensusV1:crisis_defensive_fx_long,Crisis -> RawProviderStress -> TailShortOrDefensiveReversal -> ProviderRawDailyConsensusV1:crisis_defensive_fx_long,board-b-provider-raw-daily-consensus/v1,1d_hold_6,short_or_defensive_research_only_until_branch_rc_spa_passes,tail_guard_blocks_raw_provider_branch_if_rc_spa_fails,long,1,1.0735719203948977,1.0605803728103638,-0.012101236384568614,0.0008,-0.012901236384568615,2023,source_panel_daily_asof,yf_eurusd,fx_defensive,1,0.0
board-b-provider-raw-daily-consensus/v1,20260511T212329+0800-codex-board-b-provider-raw-daily-consensus-v1,ProviderRawDailyConsensusV1,defensive_fx_long,EUR/USD,1d,ProviderRawDailyConsensusV1:defensive_fx_long:EUR/USD:1d:kraken_eurusd:88,2024-08-02T00:00:00+00:00,2024-08-08T00:00:00+00:00,2024-08-02,^IXIC,Bear,0.963920242,0.667,23.38999938964844,component_pass_from_205047_not_rescored_here,RawProviderRiskOff,DefensiveOrBreakdown,provider_raw_daily_consensus,ProviderRawDailyConsensusV1:defensive_fx_long,Bear -> RawProviderRiskOff -> DefensiveOrBreakdown -> ProviderRawDailyConsensusV1:defensive_fx_long,board-b-provider-raw-daily-consensus/v1,1d_hold_6,short_or_defensive_research_only_until_branch_rc_spa_passes,suppress_if_bear_raw_provider_branch_rc_spa_fails,long,1,1.09034,1.09121,0.0007979162463083167,0.0008,-2.083753691683337e-06,2024,source_panel_daily_asof,kraken_eurusd,fx_defensive,1,0.0
board-b-provider-raw-daily-consensus/v1,20260511T212329+0800-codex-board-b-provider-raw-daily-consensus-v1,ProviderRawDailyConsensusV1,defensive_fx_long,EUR/USD,1d,ProviderRawDailyConsensusV1:defensive_fx_long:EUR/USD:1d:kraken_eurusd:95,2024-08-09T00:00:00+00:00,2024-08-15T00:00:00+00:00,2024-08-09,^IXIC,Bear,0.963920242,0.5,20.3700008392334,component_pass_from_205047_not_rescored_here,RawProviderRiskOff,DefensiveOrBreakdown,provider_raw_daily_consensus,ProviderRawDailyConsensusV1:defensive_fx_long,Bear -> RawProviderRiskOff -> DefensiveOrBreakdown -> ProviderRawDailyConsensusV1:defensive_fx_long,board-b-provider-raw-daily-consensus/v1,1d_hold_6,short_or_defensive_research_only_until_branch_rc_spa_passes,suppress_if_bear_raw_provider_branch_rc_spa_fails,long,1,1.09091,1.09648,0.0051058290784755656,0.0008,0.004305829078475565,2024,source_panel_daily_asof,kraken_eurusd,fx_defensive,1,0.0
board-b-provider-raw-daily-consensus/v1,20260511T212329+0800-codex-board-b-provider-raw-daily-consensus-v1,ProviderRawDailyConsensusV1,defensive_fx_long,EUR/USD,1d,ProviderRawDailyConsensusV1:defensive_fx_long:EUR/USD:1d:kraken_eurusd:301,2025-03-03T00:00:00+00:00,2025-03-09T00:00:00+00:00,2025-03-03,^IXIC,Bear,0.963920242,0.6,22.780000686645508,component_pass_from_205047_not_rescored_here,RawProviderRiskOff,DefensiveOrBreakdown,provider_raw_daily_consensus,ProviderRawDailyConsensusV1:defensive_fx_long,Bear -> RawProviderRiskOff -> DefensiveOrBreakdown -> ProviderRawDailyConsensusV1:defensive_fx_long,board-b-provider-raw-daily-consensus/v1,1d_hold_6,short_or_defensive_research_only_until_branch_rc_spa_passes,suppress_if_bear_raw_provider_branch_rc_spa_fails,long,1,1.04803,1.08606,0.03628712918523336,0.0008,0.035487129185233356,2025,source_panel_daily_asof,kraken_eurusd,fx_defensive,2,0.00449785181385166
board-b-provider-raw-daily-consensus/v1,20260511T212329+0800-codex-board-b-provider-raw-daily-consensus-v1,ProviderRawDailyConsensusV1,defensive_fx_long,EUR/USD,1d,ProviderRawDailyConsensusV1:defensive_fx_long:EUR/USD:1d:kraken_eurusd:308,2025-03-10T00:00:00+00:00,2025-03-16T00:00:00+00:00,2025-03-10,^IXIC,Bear,0.963920242,0.667,27.86000061035156,component_pass_from_205047_not_rescored_here,RawProviderRiskOff,DefensiveOrBreakdown,provider_raw_daily_consensus,ProviderRawDailyConsensusV1:defensive_fx_long,Bear -> RawProviderRiskOff -> DefensiveOrBreakdown -> ProviderRawDailyConsensusV1:defensive_fx_long,board-b-provider-raw-daily-consensus/v1,1d_hold_6,short_or_defensive_research_only_until_branch_rc_spa_passes,suppress_if_bear_raw_provider_branch_rc_spa_fails,long,1,1.08398,1.08754,0.003284193435303173,0.0008,0.0024841934353031733,2025,source_panel_daily_asof,kraken_eurusd,fx_defensive,2,0.0013550995697812931
board-b-provider-raw-daily-consensus/v1,20260511T212329+0800-codex-board-b-provider-raw-daily-consensus-v1,ProviderRawDailyConsensusV1,defensive_fx_long,EUR/USD,1d,ProviderRawDailyConsensusV1:defensive_fx_long:EUR/USD:1d:kraken_eurusd:315,2025-03-17T00:00:00+00:00,2025-03-23T00:00:00+00:00,2025-03-17,^IXIC,Bear,0.963920242,0.5,20.510000228881836,component_pass_from_205047_not_rescored_here,RawProviderRiskOff,DefensiveOrBreakdown,provider_raw_daily_consensus,ProviderRawDailyConsensusV1:defensive_fx_long,Bear -> RawProviderRiskOff -> DefensiveOrBreakdown -> ProviderRawDailyConsensusV1:defensive_fx_long,board-b-provider-raw-daily-consensus/v1,1d_hold_6,short_or_defensive_research_only_until_branch_rc_spa_passes,suppress_if_bear_raw_provider_branch_rc_spa_fails,long,1,1.09183,1.08394,-0.007226399714241438,0.0008,-0.008026399714241439,2025,source_panel_daily_asof,kraken_eurusd,fx_defensive,2,0.0024019433475474124
board-b-provider-raw-daily-consensus/v1,20260511T212329+0800-codex-board-b-provider-raw-daily-consensus-v1,ProviderRawDailyConsensusV1,defensive_fx_long,EUR/USD,1d,ProviderRawDailyConsensusV1:defensive_fx_long:EUR/USD:1d:kraken_eurusd:329,2025-03-31T00:00:00+00:00,2025-04-06T00:00:00+00:00,2025-03-31,^IXIC,Bear,0.963920242,0.5,22.280000686645508,component_pass_from_205047_not_rescored_here,RawProviderRiskOff,DefensiveOrBreakdown,provider_raw_daily_consensus,ProviderRawDailyConsensusV1:defensive_fx_long,Bear -> RawProviderRiskOff -> DefensiveOrBreakdown -> ProviderRawDailyConsensusV1:defensive_fx_long,board-b-provider-raw-daily-consensus/v1,1d_hold_6,short_or_defensive_research_only_until_branch_rc_spa_passes,suppress_if_bear_raw_provider_branch_rc_spa_fails,long,1,1.08185,1.09944,0.016259185654203367,0.0008,0.015459185654203367,2025,source_panel_daily_asof,kraken_eurusd,fx_defensive,2,2.4888755455431352e-05
board-b-provider-raw-daily-consensus/v1,20260511T212329+0800-codex-board-b-provider-raw-daily-consensus-v1,ProviderRawDailyConsensusV1,defensive_fx_long,EUR/USD,1d,ProviderRawDailyConsensusV1:defensive_fx_long:EUR/USD:1d:kraken_eurusd:336,2025-04-07T00:00:00+00:00,2025-04-13T00:00:00+00:00,2025-04-07,^IXIC,Bear,0.963920242,0.444,46.97999954223633,component_pass_from_205047_not_rescored_here,RawProviderRiskOff,DefensiveOrBreakdown,provider_raw_daily_consensus,ProviderRawDailyConsensusV1:defensive_fx_long,Bear -> RawProviderRiskOff -> DefensiveOrBreakdown -> ProviderRawDailyConsensusV1:defensive_fx_long,board-b-provider-raw-daily-consensus/v1,1d_hold_6,short_or_defensive_research_only_until_branch_rc_spa_passes,suppress_if_bear_raw_provider_branch_rc_spa_fails,long,1,1.09099,1.13402,0.03944124144125993,0.0008,0.03864124144125993,2025,source_panel_daily_asof,kraken_eurusd,fx_defensive,2,0.00035389859237727506
board-b-provider-raw-daily-consensus/v1,20260511T212329+0800-codex-board-b-provider-raw-daily-consensus-v1,ProviderRawDailyConsensusV1,defensive_fx_long,EUR/USD,1d,ProviderRawDailyConsensusV1:defensive_fx_long:EUR/USD:1d:kraken_eurusd:343,2025-04-14T00:00:00+00:00,2025-04-20T00:00:00+00:00,2025-04-14,^IXIC,Bear,0.963920242,0.5,30.88999938964844,component_pass_from_205047_not_rescored_here,RawProviderRiskOff,DefensiveOrBreakdown,provider_raw_daily_consensus,ProviderRawDailyConsensusV1:defensive_fx_long,Bear -> RawProviderRiskOff -> DefensiveOrBreakdown -> ProviderRawDailyConsensusV1:defensive_fx_long,board-b-provider-raw-daily-consensus/v1,1d_hold_6,short_or_defensive_research_only_until_branch_rc_spa_passes,suppress_if_bear_raw_provider_branch_rc_spa_fails,long,1,1.13325,1.14428,0.009733068607985729,0.0008,0.008933068607985728,2025,source_panel_daily_asof,kraken_eurusd,fx_defensive,2,0.00044711793834539295
board-b-provider-raw-daily-consensus/v1,20260511T212329+0800-codex-board-b-provider-raw-daily-consensus-v1,ProviderRawDailyConsensusV1,defensive_fx_long,EUR/USD,1d,ProviderRawDailyConsensusV1:defensive_fx_long:EUR/USD:1d:kraken_eurusd:350,2025-04-21T00:00:00+00:00,2025-04-27T00:00:00+00:00,2025-04-21,^IXIC,Bear,0.963920242,0.385,33.81999969482422,component_pass_from_205047_not_rescored_here,RawProviderRiskOff,DefensiveOrBreakdown,provider_raw_daily_consensus,ProviderRawDailyConsensusV1:defensive_fx_long,Bear -> RawProviderRiskOff -> DefensiveOrBreakdown -> ProviderRawDailyConsensusV1:defensive_fx_long,board-b-provider-raw-daily-consensus/v1,1d_hold_6,short_or_defensive_research_only_until_branch_rc_spa_passes,suppress_if_bear_raw_provider_branch_rc_spa_fails,long,1,1.1517,1.1344,-0.015021272900928917,0.0008,-0.015821272900928916,2025,source_panel_daily_asof,kraken_eurusd,fx_defensive,2,0.0002592034901562215
board-b-provider-raw-daily-consensus/v1,20260511T212329+0800-codex-board-b-provider-raw-daily-consensus-v1,ProviderRawDailyConsensusV1,defensive_fx_long,EUR/USD,1d,ProviderRawDailyConsensusV1:defensive_fx_long:EUR/USD:1d:kraken_eurusd:357,2025-04-28T00:00:00+00:00,2025-05-04T00:00:00+00:00,2025-04-28,^IXIC,Bear,0.963920242,0.333,25.149999618530273,component_pass_from_205047_not_rescored_here,RawProviderRiskOff,DefensiveOrBreakdown,provider_raw_daily_consensus,ProviderRawDailyConsensusV1:defensive_fx_long,Bear -> RawProviderRiskOff -> DefensiveOrBreakdown -> ProviderRawDailyConsensusV1:defensive_fx_long,board-b-provider-raw-daily-consensus/v1,1d_hold_6,short_or_defensive_research_only_until_branch_rc_spa_passes,suppress_if_bear_raw_provider_branch_rc_spa_fails,long,1,1.14056,1.13213,-0.0073911061233078446,0.0008,-0.008191106123307845,2025,source_panel_daily_asof,kraken_eurusd,fx_defensive,2,0.00021963231507678423
board-b-provider-raw-daily-consensus/v1,20260511T212329+0800-codex-board-b-provider-raw-daily-consensus-v1,ProviderRawDailyConsensusV1,dispersion_reversion,EUR/USD,1d,ProviderRawDailyConsensusV1:dispersion_reversion:EUR/USD:1d:kraken_eurusd:79,2024-07-24T00:00:00+00:00,2024-07-27T00:00:00+00:00,2024-07-24,^IXIC,Sideways,0.9529358324,1.0,18.040000915527344,component_pass_from_205047_not_rescored_here,RawProviderRange,DispersionReversion,provider_raw_daily_consensus,ProviderRawDailyConsensusV1:dispersion_reversion,Sideways -> RawProviderRange -> DispersionReversion -> ProviderRawDailyConsensusV1:dispersion_reversion,board-b-provider-raw-daily-consensus/v1,1d_hold_3,long_short_research_only_until_branch_rc_spa_passes,suppress_if_sideways_raw_provider_branch_rc_spa_fails,long,1,1.08371,1.08646,0.0025375792416790777,0.0008,0.0017375792416790777,2024,source_panel_daily_asof,kraken_eurusd,fx_defensive,2,0.00015792944261984706
board-b-provider-raw-daily-consensus/v1,20260511T212329+0800-codex-board-b-provider-raw-daily-consensus-v1,ProviderRawDailyConsensusV1,dispersion_reversion,EUR/USD,1d,ProviderRawDailyConsensusV1:dispersion_reversion:EUR/USD:1d:kraken_eurusd:84,2024-07-29T00:00:00+00:00,2024-08-01T00:00:00+00:00,2024-07-29,^IXIC,Sideways,0.9529358324,1.0,16.600000381469727,component_pass_from_205047_not_rescored_here,RawProviderRange,DispersionReversion,provider_raw_daily_consensus,ProviderRawDailyConsensusV1:dispersion_reversion,Sideways -> RawProviderRange -> DispersionReversion -> ProviderRawDailyConsensusV1:dispersion_reversion,board-b-provider-raw-daily-consensus/v1,1d_hold_3,long_short_research_only_until_branch_rc_spa_passes,suppress_if_sideways_raw_provider_branch_rc_spa_fails,long,1,1.0821,1.0784,-0.0034192773311154667,0.0008,-0.004219277331115467,2024,source_panel_daily_asof,kraken_eurusd,fx_defensive,2,0.00010024009235339055
board-b-provider-raw-daily-consensus/v1,20260511T212329+0800-codex-board-b-provider-raw-daily-consensus-v1,ProviderRawDailyConsensusV1,dispersion_reversion,EUR/USD,1d,ProviderRawDailyConsensusV1:dispersion_reversion:EUR/USD:1d:kraken_eurusd:100,2024-08-14T00:00:00+00:00,2024-08-17T00:00:00+00:00,2024-08-14,^IXIC,Sideways,0.9529358324,0.75,16.190000534057617,component_pass_from_205047_not_rescored_here,RawProviderRange,DispersionReversion,provider_raw_daily_consensus,ProviderRawDailyConsensusV1:dispersion_reversion,Sideways -> RawProviderRange -> DispersionReversion -> ProviderRawDailyConsensusV1:dispersion_reversion,board-b-provider-raw-daily-consensus/v1,1d_hold_3,long_short_research_only_until_branch_rc_spa_passes,suppress_if_sideways_raw_provider_branch_rc_spa_fails,short,-1,1.10081,1.10189,-0.0009810957385925079,0.0008,-0.0017810957385925078,2024,source_panel_daily_asof,kraken_eurusd,fx_defensive,2,0.0003285364914354968
board-b-provider-raw-daily-consensus/v1,20260511T212329+0800-codex-board-b-provider-raw-daily-consensus-v1,ProviderRawDailyConsensusV1,dispersion_reversion,EUR/USD,1d,ProviderRawDailyConsensusV1:dispersion_reversion:EUR/USD:1d:kraken_eurusd:126,2024-09-09T00:00:00+00:00,2024-09-12T00:00:00+00:00,2024-09-09,^IXIC,Sideways,0.9529358324,0.75,19.450000762939453,component_pass_from_205047_not_rescored_here,RawProviderRange,DispersionReversion,provider_raw_daily_consensus,ProviderRawDailyConsensusV1:dispersion_reversion,Sideways -> RawProviderRange -> DispersionReversion -> ProviderRawDailyConsensusV1:dispersion_reversion,board-b-provider-raw-daily-consensus/v1,1d_hold_3,long_short_research_only_until_branch_rc_spa_passes,suppress_if_sideways_raw_provider_branch_rc_spa_fails,long,1,1.10329,1.10739,0.0037161580364184488,0.0008,0.002916158036418449,2024,source_panel_daily_asof,kraken_eurusd,fx_defensive,2,0.0002965063848527535
board-b-provider-raw-daily-consensus/v1,20260511T212329+0800-codex-board-b-provider-raw-daily-consensus-v1,ProviderRawDailyConsensusV1,dispersion_reversion,EUR/USD,1d,ProviderRawDailyConsensusV1:dispersion_reversion:EUR/USD:1d:kraken_eurusd:133,2024-09-16T00:00:00+00:00,2024-09-19T00:00:00+00:00,2024-09-16,^IXIC,Sideways,0.9529358324,0.6,17.139999389648438,component_pass_from_205047_not_rescored_here,RawProviderRange,DispersionReversion,provider_raw_daily_consensus,ProviderRawDailyConsensusV1:dispersion_reversion,Sideways -> RawProviderRange -> DispersionReversion -> ProviderRawDailyConsensusV1:dispersion_reversion,board-b-provider-raw-daily-consensus/v1,1d_hold_3,long_short_research_only_until_branch_rc_spa_passes,suppress_if_sideways_raw_provider_branch_rc_spa_fails,short,-1,1.11295,1.11634,-0.0030459589379576713,0.0008,-0.003845958937957671,2024,source_panel_daily_asof,kraken_eurusd,fx_defensive,2,2.327182344262889e-06
board-b-provider-raw-daily-consensus/v1,20260511T212329+0800-codex-board-b-provider-raw-daily-consensus-v1,ProviderRawDailyConsensusV1,dispersion_reversion,EUR/USD,1d,ProviderRawDailyConsensusV1:dispersion_reversion:EUR/USD:1d:kraken_eurusd:239,2024-12-31T00:00:00+00:00,2025-01-03T00:00:00+00:00,2024-12-31,^IXIC,Sideways,0.9529358324,0.6,17.350000381469727,component_pass_from_205047_not_rescored_here,RawProviderRange,DispersionReversion,provider_raw_daily_consensus,ProviderRawDailyConsensusV1:dispersion_reversion,Sideways -> RawProviderRange -> DispersionReversion -> ProviderRawDailyConsensusV1:dispersion_reversion,board-b-provider-raw-daily-consensus/v1,1d_hold_3,long_short_research_only_until_branch_rc_spa_passes,suppress_if_sideways_raw_provider_branch_rc_spa_fails,long,1,1.03562,1.0302,-0.005233579884513562,0.0008,-0.006033579884513562,2024,source_panel_daily_asof,kraken_eurusd,fx_defensive,2,0.0034024473684373
board-b-provider-raw-daily-consensus/v1,20260511T212329+0800-codex-board-b-provider-raw-daily-consensus-v1,ProviderRawDailyConsensusV1,dispersion_reversion,EUR/USD,1d,ProviderRawDailyConsensusV1:dispersion_reversion:EUR/USD:1d:kraken_eurusd:247,2025-01-08T00:00:00+00:00,2025-01-11T00:00:00+00:00,2025-01-08,^IXIC,Sideways,0.9529358324,0.6,17.700000762939453,component_pass_from_205047_not_rescored_here,RawProviderRange,DispersionReversion,provider_raw_daily_consensus,ProviderRawDailyConsensusV1:dispersion_reversion,Sideways -> RawProviderRange -> DispersionReversion -> ProviderRawDailyConsensusV1:dispersion_reversion,board-b-provider-raw-daily-consensus/v1,1d_hold_3,long_short_research_only_until_branch_rc_spa_passes,suppress_if_sideways_raw_provider_branch_rc_spa_fails,long,1,1.03063,1.02511,-0.005355947333184563,0.0008,-0.006155947333184563,2025,source_panel_daily_asof,kraken_eurusd,fx_defensive,2,0.002687193429976171
board-b-provider-raw-daily-consensus/v1,20260511T212329+0800-codex-board-b-provider-raw-daily-consensus-v1,ProviderRawDailyConsensusV1,dispersion_reversion,EUR/USD,1d,ProviderRawDailyConsensusV1:dispersion_reversion:EUR/USD:1d:kraken_eurusd:259,2025-01-20T00:00:00+00:00,2025-01-23T00:00:00+00:00,2025-01-20,^IXIC,Sideways,0.9529358324,0.6,15.970000267028809,component_pass_from_205047_not_rescored_here,RawProviderRange,DispersionReversion,provider_raw_daily_consensus,ProviderRawDailyConsensusV1:dispersion_reversion,Sideways -> RawProviderRange -> DispersionReversion -> ProviderRawDailyConsensusV1:dispersion_reversion,board-b-provider-raw-daily-consensus/v1,1d_hold_3,long_short_research_only_until_branch_rc_spa_passes,suppress_if_sideways_raw_provider_branch_rc_spa_fails,short,-1,1.0414,1.0412,0.000192049164586372,0.0008,-0.000607950835413628,2025,source_panel_daily_asof,kraken_eurusd,fx_defensive,2,0.009337222990174423
board-b-provider-raw-daily-consensus/v1,20260511T212329+0800-codex-board-b-provider-raw-daily-consensus-v1,ProviderRawDailyConsensusV1,dispersion_reversion,EUR/USD,1d,ProviderRawDailyConsensusV1:dispersion_reversion:EUR/USD:1d:kraken_eurusd:277,2025-02-07T00:00:00+00:00,2025-02-10T00:00:00+00:00,2025-02-07,^IXIC,Sideways,0.9529358324,0.75,16.540000915527344,component_pass_from_205047_not_rescored_here,RawProviderRange,DispersionReversion,provider_raw_daily_consensus,ProviderRawDailyConsensusV1:dispersion_reversion,Sideways -> RawProviderRange -> DispersionReversion -> ProviderRawDailyConsensusV1:dispersion_reversion,board-b-provider-raw-daily-consensus/v1,1d_hold_3,long_short_research_only_until_branch_rc_spa_passes,suppress_if_sideways_raw_provider_branch_rc_spa_fails,long,1,1.03191,1.0301,-0.0017540289366321238,0.0008,-0.0025540289366321237,2025,source_panel_daily_asof,kraken_eurusd,fx_defensive,2,0.00455075958798766
board-b-provider-raw-daily-consensus/v1,20260511T212329+0800-codex-board-b-provider-raw-daily-consensus-v1,ProviderRawDailyConsensusV1,dispersion_reversion,EUR/USD,1d,ProviderRawDailyConsensusV1:dispersion_reversion:EUR/USD:1d:kraken_eurusd:290,2025-02-20T00:00:00+00:00,2025-02-23T00:00:00+00:00,2025-02-20,^IXIC,Sideways,0.9529358324,0.6,15.65999984741211,component_pass_from_205047_not_rescored_here,RawProviderRange,DispersionReversion,provider_raw_daily_consensus,ProviderRawDailyConsensusV1:dispersion_reversion,Sideways -> RawProviderRange -> DispersionReversion -> ProviderRawDailyConsensusV1:dispersion_reversion,board-b-provider-raw-daily-consensus/v1,1d_hold_3,long_short_research_only_until_branch_rc_spa_passes,suppress_if_sideways_raw_provider_branch_rc_spa_fails,short,-1,1.04991,1.04738,0.0024097303578400897,0.0008,0.0016097303578400898,2025,source_panel_daily_asof,kraken_eurusd,fx_defensive,2,0.0052790002599035985
board-b-provider-raw-daily-consensus/v1,20260511T212329+0800-codex-board-b-provider-raw-daily-consensus-v1,ProviderRawDailyConsensusV1,dispersion_reversion,EUR/USD,1d,ProviderRawDailyConsensusV1:dispersion_reversion:EUR/USD:1d:kraken_eurusd:295,2025-02-25T00:00:00+00:00,2025-02-28T00:00:00+00:00,2025-02-25,^IXIC,Sideways,0.9529358324,1.0,19.43000030517578,component_pass_from_205047_not_rescored_here,RawProviderRange,DispersionReversion,provider_raw_daily_consensus,ProviderRawDailyConsensusV1:dispersion_reversion,Sideways -> RawProviderRange -> DispersionReversion -> ProviderRawDailyConsensusV1:dispersion_reversion,board-b-provider-raw-daily-consensus/v1,1d_hold_3,long_short_research_only_until_branch_rc_spa_passes,suppress_if_sideways_raw_provider_branch_rc_spa_fails,short,-1,1.05126,1.03733,0.013250765747769289,0.0008,0.012450765747769288,2025,source_panel_daily_asof,kraken_eurusd,fx_defensive,2,0.003455998125265317
board-b-provider-raw-daily-consensus/v1,20260511T212329+0800-codex-board-b-provider-raw-daily-consensus-v1,ProviderRawDailyConsensusV1,dispersion_reversion,EUR/USD,1d,ProviderRawDailyConsensusV1:dispersion_reversion:EUR/USD:1d:kraken_eurusd:299,2025-03-01T00:00:00+00:00,2025-03-04T00:00:00+00:00,2025-03-01,^IXIC,Sideways,0.9529358324,1.0,19.6299991607666,component_pass_from_205047_not_rescored_here,RawProviderRange,DispersionReversion,provider_raw_daily_consensus,ProviderRawDailyConsensusV1:dispersion_reversion,Sideways -> RawProviderRange -> DispersionReversion -> ProviderRawDailyConsensusV1:dispersion_reversion,board-b-provider-raw-daily-consensus/v1,1d_hold_3,long_short_research_only_until_branch_rc_spa_passes,suppress_if_sideways_raw_provider_branch_rc_spa_fails,long,1,1.03659,1.06188,0.024397302694411538,0.0008,0.02359730269441154,2025,source_panel_daily_asof,kraken_eurusd,fx_defensive,1,0.0
board-b-provider-raw-daily-consensus/v1,20260511T212329+0800-codex-board-b-provider-raw-daily-consensus-v1,ProviderRawDailyConsensusV1,dispersion_reversion,EUR/USD,1d,ProviderRawDailyConsensusV1:dispersion_reversion:EUR/USD:1d:kraken_eurusd:323,2025-03-25T00:00:00+00:00,2025-03-28T00:00:00+00:00,2025-03-25,^IXIC,Sideways,0.9529358324,0.75,17.149999618530273,component_pass_from_205047_not_rescored_here,RawProviderRange,DispersionReversion,provider_raw_daily_consensus,ProviderRawDailyConsensusV1:dispersion_reversion,Sideways -> RawProviderRange -> DispersionReversion -> ProviderRawDailyConsensusV1:dispersion_reversion,board-b-provider-raw-daily-consensus/v1,1d_hold_3,long_short_research_only_until_branch_rc_spa_passes,suppress_if_sideways_raw_provider_branch_rc_spa_fails,long,1,1.07885,1.08231,0.0032071186911990512,0.0008,0.0024071186911990513,2025,source_panel_daily_asof,kraken_eurusd,fx_defensive,2,0.0009870091148515582
board-b-provider-raw-daily-consensus/v1,20260511T212329+0800-codex-board-b-provider-raw-daily-consensus-v1,ProviderRawDailyConsensusV1,dispersion_reversion,EUR/USD,1d,ProviderRawDailyConsensusV1:dispersion_reversion:EUR/USD:1d:kraken_eurusd:330,2025-04-01T00:00:00+00:00,2025-04-04T00:00:00+00:00,2025-04-01,^IXIC,Sideways,0.9529358324,0.6,21.770000457763672,component_pass_from_205047_not_rescored_here,RawProviderRange,DispersionReversion,provider_raw_daily_consensus,ProviderRawDailyConsensusV1:dispersion_reversion,Sideways -> RawProviderRange -> DispersionReversion -> ProviderRawDailyConsensusV1:dispersion_reversion,board-b-provider-raw-daily-consensus/v1,1d_hold_3,long_short_research_only_until_branch_rc_spa_passes,suppress_if_sideways_raw_provider_branch_rc_spa_fails,long,1,1.07939,1.09587,0.015267882785647391,0.0008,0.01446788278564739,2025,source_panel_daily_asof,kraken_eurusd,fx_defensive,2,0.00013676115331665576
board-b-provider-raw-daily-consensus/v1,20260511T212329+0800-codex-board-b-provider-raw-daily-consensus-v1,ProviderRawDailyConsensusV1,dispersion_reversion,EUR/USD,1d,ProviderRawDailyConsensusV1:dispersion_reversion:EUR/USD:1d:kraken_eurusd:360,2025-05-01T00:00:00+00:00,2025-05-04T00:00:00+00:00,2025-05-01,^IXIC,Sideways,0.9529358324,0.25,24.600000381469727,component_pass_from_205047_not_rescored_here,RawProviderRange,DispersionReversion,provider_raw_daily_consensus,ProviderRawDailyConsensusV1:dispersion_reversion,Sideways -> RawProviderRange -> DispersionReversion -> ProviderRawDailyConsensusV1:dispersion_reversion,board-b-provider-raw-daily-consensus/v1,1d_hold_3,long_short_research_only_until_branch_rc_spa_passes,suppress_if_sideways_raw_provider_branch_rc_spa_fails,long,1,1.12968,1.13213,0.0021687557538419,0.0008,0.0013687557538419,2025,source_panel_daily_asof,kraken_eurusd,fx_defensive,2,1.8854962378783252e-05
board-b-provider-raw-daily-consensus/v1,20260511T212329+0800-codex-board-b-provider-raw-daily-consensus-v1,ProviderRawDailyConsensusV1,dispersion_reversion,EUR/USD,1d,ProviderRawDailyConsensusV1:dispersion_reversion:EUR/USD:1d:kraken_eurusd:367,2025-05-08T00:00:00+00:00,2025-05-11T00:00:00+00:00,2025-05-08,^IXIC,Sideways,0.9529358324,0.4,22.479999542236328,component_pass_from_205047_not_rescored_here,RawProviderRange,DispersionReversion,provider_raw_daily_consensus,ProviderRawDailyConsensusV1:dispersion_reversion,Sideways -> RawProviderRange -> DispersionReversion -> ProviderRawDailyConsensusV1:dispersion_reversion,board-b-provider-raw-daily-consensus/v1,1d_hold_3,long_short_research_only_until_branch_rc_spa_passes,suppress_if_sideways_raw_provider_branch_rc_spa_fails,long,1,1.12369,1.12321,-0.0004271640755012518,0.0008,-0.0012271640755012517,2025,source_panel_daily_asof,kraken_eurusd,fx_defensive,2,0.0007979295501849197
board-b-provider-raw-daily-consensus/v1,20260511T212329+0800-codex-board-b-provider-raw-daily-consensus-v1,ProviderRawDailyConsensusV1,dispersion_reversion,EUR/USD,1d,ProviderRawDailyConsensusV1:dispersion_reversion:EUR/USD:1d:kraken_eurusd:401,2025-06-11T00:00:00+00:00,2025-06-14T00:00:00+00:00,2025-06-11,^IXIC,Sideways,0.9529358324,0.75,17.260000228881836,component_pass_from_205047_not_rescored_here,RawProviderRange,DispersionReversion,provider_raw_daily_consensus,ProviderRawDailyConsensusV1:dispersion_reversion,Sideways -> RawProviderRange -> DispersionReversion -> ProviderRawDailyConsensusV1:dispersion_reversion,board-b-provider-raw-daily-consensus/v1,1d_hold_3,long_short_research_only_until_branch_rc_spa_passes,suppress_if_sideways_raw_provider_branch_rc_spa_fails,short,-1,1.15089,1.1543,-0.0029629243455067122,0.0008,-0.003762924345506712,2025,source_panel_daily_asof,kraken_eurusd,fx_defensive,2,2.6655175967378372e-05
board-b-provider-raw-daily-consensus/v1,20260511T212329+0800-codex-board-b-provider-raw-daily-consensus-v1,ProviderRawDailyConsensusV1,dispersion_reversion,EUR/USD,1d,ProviderRawDailyConsensusV1:dispersion_reversion:EUR/USD:1d:kraken_eurusd:413,2025-06-23T00:00:00+00:00,2025-06-26T00:00:00+00:00,2025-06-23,^IXIC,Sideways,0.9529358324,0.75,19.829999923706055,component_pass_from_205047_not_rescored_here,RawProviderRange,DispersionReversion,provider_raw_daily_consensus,ProviderRawDailyConsensusV1:dispersion_reversion,Sideways -> RawProviderRange -> DispersionReversion -> ProviderRawDailyConsensusV1:dispersion_reversion,board-b-provider-raw-daily-consensus/v1,1d_hold_3,long_short_research_only_until_branch_rc_spa_passes,suppress_if_sideways_raw_provider_branch_rc_spa_fails,short,-1,1.15954,1.16949,-0.008580989012884288,0.0008,-0.009380989012884288,2025,source_panel_daily_asof,kraken_eurusd,fx_defensive,2,0.00022223102818000768
board-b-provider-raw-daily-consensus/v1,20260511T212329+0800-codex-board-b-provider-raw-daily-consensus-v1,ProviderRawDailyConsensusV1,dispersion_reversion,EUR/USD,1d,ProviderRawDailyConsensusV1:dispersion_reversion:EUR/USD:1d:kraken_eurusd:564,2025-11-21T00:00:00+00:00,2025-11-24T00:00:00+00:00,2025-11-21,^IXIC,Sideways,0.9529358324,0.75,23.43000030517578,component_pass_from_205047_not_rescored_here,RawProviderRange,DispersionReversion,provider_raw_daily_consensus,ProviderRawDailyConsensusV1:dispersion_reversion,Sideways -> RawProviderRange -> DispersionReversion -> ProviderRawDailyConsensusV1:dispersion_reversion,board-b-provider-raw-daily-consensus/v1,1d_hold_3,long_short_research_only_until_branch_rc_spa_passes,suppress_if_sideways_raw_provider_branch_rc_spa_fails,long,1,1.15102,1.15161,0.0005125888342514262,0.0008,-0.00028741116574857383,2025,source_panel_daily_asof,kraken_eurusd,fx_defensive,2,0.0014947644549387154
board-b-provider-raw-daily-consensus/v1,20260511T212329+0800-codex-board-b-provider-raw-daily-consensus-v1,ProviderRawDailyConsensusV1,dispersion_reversion,EUR/USD,1d,ProviderRawDailyConsensusV1:dispersion_reversion:EUR/USD:1d:kraken_eurusd:575,2025-12-02T00:00:00+00:00,2025-12-05T00:00:00+00:00,2025-12-02,^IXIC,Sideways,0.9529358324,0.6,16.59000015258789,component_pass_from_205047_not_rescored_here,RawProviderRange,DispersionReversion,provider_raw_daily_consensus,ProviderRawDailyConsensusV1:dispersion_reversion,Sideways -> RawProviderRange -> DispersionReversion -> ProviderRawDailyConsensusV1:dispersion_reversion,board-b-provider-raw-daily-consensus/v1,1d_hold_3,long_short_research_only_until_branch_rc_spa_passes,suppress_if_sideways_raw_provider_branch_rc_spa_fails,short,-1,1.16291,1.16294,-2.5797353191636674e-05,0.0008,-0.0008257973531916367,2025,source_panel_daily_asof,kraken_eurusd,fx_defensive,2,0.0013047848868424096
board-b-provider-raw-daily-consensus/v1,20260511T212329+0800-codex-board-b-provider-raw-daily-consensus-v1,ProviderRawDailyConsensusV1,dispersion_reversion,EUR/USD,1d,ProviderRawDailyConsensusV1:dispersion_reversion:EUR/USD:1d:kraken_eurusd:606,2026-01-02T00:00:00+00:00,2026-01-05T00:00:00+00:00,2026-01-02,^IXIC,Sideways,0.9529358324,1.0,14.510000228881836,component_pass_from_205047_not_rescored_here,RawProviderRange,DispersionReversion,provider_raw_daily_consensus,ProviderRawDailyConsensusV1:dispersion_reversion,Sideways -> RawProviderRange -> DispersionReversion -> ProviderRawDailyConsensusV1:dispersion_reversion,board-b-provider-raw-daily-consensus/v1,1d_hold_3,long_short_research_only_until_branch_rc_spa_passes,suppress_if_sideways_raw_provider_branch_rc_spa_fails,long,1,1.17169,1.17128,-0.00034992190767169085,0.0008,-0.0011499219076716908,2026,source_panel_daily_asof,kraken_eurusd,fx_defensive,1,0.0
board-b-provider-raw-daily-consensus/v1,20260511T212329+0800-codex-board-b-provider-raw-daily-consensus-v1,ProviderRawDailyConsensusV1,dispersion_reversion,EUR/USD,1d,ProviderRawDailyConsensusV1:dispersion_reversion:EUR/USD:1d:kraken_eurusd:610,2026-01-06T00:00:00+00:00,2026-01-09T00:00:00+00:00,2026-01-06,^IXIC,Sideways,0.9529358324,0.6,14.75,component_pass_from_205047_not_rescored_here,RawProviderRange,DispersionReversion,provider_raw_daily_consensus,ProviderRawDailyConsensusV1:dispersion_reversion,Sideways -> RawProviderRange -> DispersionReversion -> ProviderRawDailyConsensusV1:dispersion_reversion,board-b-provider-raw-daily-consensus/v1,1d_hold_3,long_short_research_only_until_branch_rc_spa_passes,suppress_if_sideways_raw_provider_branch_rc_spa_fails,long,1,1.16855,1.16332,-0.004475632193744472,0.0008,-0.0052756321937444724,2026,source_panel_daily_asof,kraken_eurusd,fx_defensive,1,0.0
board-b-provider-raw-daily-consensus/v1,20260511T212329+0800-codex-board-b-provider-raw-daily-consensus-v1,ProviderRawDailyConsensusV1,dispersion_reversion,EUR/USD,1d,ProviderRawDailyConsensusV1:dispersion_reversion:EUR/USD:1d:kraken_eurusd:624,2026-01-20T00:00:00+00:00,2026-01-23T00:00:00+00:00,2026-01-20,^IXIC,Sideways,0.9529358324,1.0,20.09000015258789,component_pass_from_205047_not_rescored_here,RawProviderRange,DispersionReversion,provider_raw_daily_consensus,ProviderRawDailyConsensusV1:dispersion_reversion,Sideways -> RawProviderRange -> DispersionReversion -> ProviderRawDailyConsensusV1:dispersion_reversion,board-b-provider-raw-daily-consensus/v1,1d_hold_3,long_short_research_only_until_branch_rc_spa_passes,suppress_if_sideways_raw_provider_branch_rc_spa_fails,short,-1,1.17265,1.18225,-0.008186585937833168,0.0008,-0.008986585937833169,2026,source_panel_daily_asof,kraken_eurusd,fx_defensive,1,0.0
board-b-provider-raw-daily-consensus/v1,20260511T212329+0800-codex-board-b-provider-raw-daily-consensus-v1,ProviderRawDailyConsensusV1,provider_consensus_momentum,SPYx/USD,1d,ProviderRawDailyConsensusV1:provider_consensus_momentum:SPYx/USD:1d:kraken_spyx:21,2025-09-04T00:00:00+00:00,2025-09-09T00:00:00+00:00,2025-09-04,^IXIC,Bull,0.9797225384,0.6,15.300000190734863,component_pass_from_205047_not_rescored_here,RawProviderConsensusRiskOn,CrossVenueMomentum,provider_raw_daily_consensus,ProviderRawDailyConsensusV1:provider_consensus_momentum,Bull -> RawProviderConsensusRiskOn -> CrossVenueMomentum -> ProviderRawDailyConsensusV1:provider_consensus_momentum,board-b-provider-raw-daily-consensus/v1,1d_hold_5,long_research_only_until_branch_rc_spa_passes,suppress_if_bull_raw_provider_branch_rc_spa_fails,long,1,649.3,650.91,0.0024795934082859628,0.001,0.0014795934082859627,2025,source_panel_daily_asof,kraken_spyx,tokenized_equity,3,1.3681562185975948
board-b-provider-raw-daily-consensus/v1,20260511T212329+0800-codex-board-b-provider-raw-daily-consensus-v1,ProviderRawDailyConsensusV1,provider_consensus_momentum,SPYx/USD,1d,ProviderRawDailyConsensusV1:provider_consensus_momentum:SPYx/USD:1d:kraken_spyx:27,2025-09-10T00:00:00+00:00,2025-09-15T00:00:00+00:00,2025-09-10,^IXIC,Bull,0.9797225384,0.6,15.350000381469728,component_pass_from_205047_not_rescored_here,RawProviderConsensusRiskOn,CrossVenueMomentum,provider_raw_daily_consensus,ProviderRawDailyConsensusV1:provider_consensus_momentum,Bull -> RawProviderConsensusRiskOn -> CrossVenueMomentum -> ProviderRawDailyConsensusV1:provider_consensus_momentum,board-b-provider-raw-daily-consensus/v1,1d_hold_5,long_research_only_until_branch_rc_spa_passes,suppress_if_bull_raw_provider_branch_rc_spa_fails,long,1,652.49,660.33,0.012015509816242442,0.001,0.011015509816242441,2025,source_panel_daily_asof,kraken_spyx,tokenized_equity,3,1.4533218479550098
board-b-provider-raw-daily-consensus/v1,20260511T212329+0800-codex-board-b-provider-raw-daily-consensus-v1,ProviderRawDailyConsensusV1,provider_consensus_momentum,SPYx/USD,1d,ProviderRawDailyConsensusV1:provider_consensus_momentum:SPYx/USD:1d:kraken_spyx:33,2025-09-16T00:00:00+00:00,2025-09-21T00:00:00+00:00,2025-09-16,^IXIC,Bull,0.9797225384,0.8,16.360000610351562,component_pass_from_205047_not_rescored_here,RawProviderConsensusRiskOn,CrossVenueMomentum,provider_raw_daily_consensus,ProviderRawDailyConsensusV1:provider_consensus_momentum,Bull -> RawProviderConsensusRiskOn -> CrossVenueMomentum -> ProviderRawDailyConsensusV1:provider_consensus_momentum,board-b-provider-raw-daily-consensus/v1,1d_hold_5,long_research_only_until_branch_rc_spa_passes,suppress_if_bull_raw_provider_branch_rc_spa_fails,long,1,659.61,663.6,0.006049028971665038,0.001,0.005049028971665038,2025,source_panel_daily_asof,kraken_spyx,tokenized_equity,3,1.407171037987247
board-b-provider-raw-daily-consensus/v1,20260511T212329+0800-codex-board-b-provider-raw-daily-consensus-v1,ProviderRawDailyConsensusV1,provider_consensus_momentum,SPYx/USD,1d,ProviderRawDailyConsensusV1:provider_consensus_momentum:SPYx/USD:1d:kraken_spyx:39,2025-09-22T00:00:00+00:00,2025-09-27T00:00:00+00:00,2025-09-22,^IXIC,Bull,0.9797225384,1.0,16.100000381469727,component_pass_from_205047_not_rescored_here,RawProviderConsensusRiskOn,CrossVenueMomentum,provider_raw_daily_consensus,ProviderRawDailyConsensusV1:provider_consensus_momentum,Bull -> RawProviderConsensusRiskOn -> CrossVenueMomentum -> ProviderRawDailyConsensusV1:provider_consensus_momentum,board-b-provider-raw-daily-consensus/v1,1d_hold_5,long_research_only_until_branch_rc_spa_passes,suppress_if_bull_raw_provider_branch_rc_spa_fails,long,1,666.5,662.08,-0.006631657914478506,0.001,-0.007631657914478506,2025,source_panel_daily_asof,kraken_spyx,tokenized_equity,3,1.3066537724618714
board-b-provider-raw-daily-consensus/v1,20260511T212329+0800-codex-board-b-provider-raw-daily-consensus-v1,ProviderRawDailyConsensusV1,provider_consensus_momentum,SPYx/USD,1d,ProviderRawDailyConsensusV1:provider_consensus_momentum:SPYx/USD:1d:kraken_spyx:45,2025-09-28T00:00:00+00:00,2025-10-03T00:00:00+00:00,2025-09-28,^IXIC,Bull,0.9797225384,0.8,15.289999961853027,component_pass_from_205047_not_rescored_here,RawProviderConsensusRiskOn,CrossVenueMomentum,provider_raw_daily_consensus,ProviderRawDailyConsensusV1:provider_consensus_momentum,Bull -> RawProviderConsensusRiskOn -> CrossVenueMomentum -> ProviderRawDailyConsensusV1:provider_consensus_momentum,board-b-provider-raw-daily-consensus/v1,1d_hold_5,long_research_only_until_branch_rc_spa_passes,suppress_if_bull_raw_provider_branch_rc_spa_fails,long,1,662.08,667.84,0.008699855002416657,0.001,0.0076998550024166565,2025,source_panel_daily_asof,kraken_spyx,tokenized_equity,3,1.3033813116098665
board-b-provider-raw-daily-consensus/v1,20260511T212329+0800-codex-board-b-provider-raw-daily-consensus-v1,ProviderRawDailyConsensusV1,provider_consensus_momentum,SPYx/USD,1d,ProviderRawDailyConsensusV1:provider_consensus_momentum:SPYx/USD:1d:kraken_spyx:51,2025-10-04T00:00:00+00:00,2025-10-09T00:00:00+00:00,2025-10-04,^IXIC,Bull,0.9797225384,0.6,16.649999618530273,component_pass_from_205047_not_rescored_here,RawProviderConsensusRiskOn,CrossVenueMomentum,provider_raw_daily_consensus,ProviderRawDailyConsensusV1:provider_consensus_momentum,Bull -> RawProviderConsensusRiskOn -> CrossVenueMomentum -> ProviderRawDailyConsensusV1:provider_consensus_momentum,board-b-provider-raw-daily-consensus/v1,1d_hold_5,long_research_only_until_branch_rc_spa_passes,suppress_if_bull_raw_provider_branch_rc_spa_fails,long,1,667.84,671.06,0.004821514135121996,0.001,0.003821514135121996,2025,source_panel_daily_asof,kraken_spyx,tokenized_equity,3,1.3088773863854686
board-b-provider-raw-daily-consensus/v1,20260511T212329+0800-codex-board-b-provider-raw-daily-consensus-v1,ProviderRawDailyConsensusV1,provider_consensus_momentum,SPYx/USD,1d,ProviderRawDailyConsensusV1:provider_consensus_momentum:SPYx/USD:1d:kraken_spyx:61,2025-10-14T00:00:00+00:00,2025-10-19T00:00:00+00:00,2025-10-14,^IXIC,Bull,0.9797225384,0.6,20.809999465942383,component_pass_from_205047_not_rescored_here,RawProviderConsensusRiskOn,CrossVenueMomentum,provider_raw_daily_consensus,ProviderRawDailyConsensusV1:provider_consensus_momentum,Bull -> RawProviderConsensusRiskOn -> CrossVenueMomentum -> ProviderRawDailyConsensusV1:provider_consensus_momentum,board-b-provider-raw-daily-consensus/v1,1d_hold_5,long_research_only_until_branch_rc_spa_passes,suppress_if_bull_raw_provider_branch_rc_spa_fails,long,1,662.04,666.58,0.006857591686302955,0.001,0.005857591686302955,2025,source_panel_daily_asof,kraken_spyx,tokenized_equity,3,1.3470517247775196
board-b-provider-raw-daily-consensus/v1,20260511T212329+0800-codex-board-b-provider-raw-daily-consensus-v1,ProviderRawDailyConsensusV1,provider_consensus_momentum,SPYx/USD,1d,ProviderRawDailyConsensusV1:provider_consensus_momentum:SPYx/USD:1d:kraken_spyx:67,2025-10-20T00:00:00+00:00,2025-10-25T00:00:00+00:00,2025-10-20,^IXIC,Bull,0.9797225384,0.6,18.229999542236328,component_pass_from_205047_not_rescored_here,RawProviderConsensusRiskOn,CrossVenueMomentum,provider_raw_daily_consensus,ProviderRawDailyConsensusV1:provider_consensus_momentum,Bull -> RawProviderConsensusRiskOn -> CrossVenueMomentum -> ProviderRawDailyConsensusV1:provider_consensus_momentum,board-b-provider-raw-daily-consensus/v1,1d_hold_5,long_research_only_until_branch_rc_spa_passes,suppress_if_bull_raw_provider_branch_rc_spa_fails,long,1,673.63,678.94,0.00788266555824424,0.001,0.0068826655582442395,2025,source_panel_daily_asof,kraken_spyx,tokenized_equity,3,1.2858170830401194
board-b-provider-raw-daily-consensus/v1,20260511T212329+0800-codex-board-b-provider-raw-daily-consensus-v1,ProviderRawDailyConsensusV1,provider_consensus_momentum,SPYx/USD,1d,ProviderRawDailyConsensusV1:provider_consensus_momentum:SPYx/USD:1d:kraken_spyx:73,2025-10-26T00:00:00+00:00,2025-10-31T00:00:00+00:00,2025-10-26,^IXIC,Bull,0.9797225384,0.6,16.3700008392334,component_pass_from_205047_not_rescored_here,RawProviderConsensusRiskOn,CrossVenueMomentum,provider_raw_daily_consensus,ProviderRawDailyConsensusV1:provider_consensus_momentum,Bull -> RawProviderConsensusRiskOn -> CrossVenueMomentum -> ProviderRawDailyConsensusV1:provider_consensus_momentum,board-b-provider-raw-daily-consensus/v1,1d_hold_5,long_research_only_until_branch_rc_spa_passes,suppress_if_bull_raw_provider_branch_rc_spa_fails,long,1,678.94,676.56,-0.0035054644003890134,0.001,-0.0045054644003890134,2025,source_panel_daily_asof,kraken_spyx,tokenized_equity,3,1.2945098256504586
board-b-provider-raw-daily-consensus/v1,20260511T212329+0800-codex-board-b-provider-raw-daily-consensus-v1,ProviderRawDailyConsensusV1,provider_consensus_momentum,SPYx/USD,1d,ProviderRawDailyConsensusV1:provider_consensus_momentum:SPYx/USD:1d:kraken_spyx:79,2025-11-01T00:00:00+00:00,2025-11-06T00:00:00+00:00,2025-11-01,^IXIC,Bull,0.9797225384,0.6,17.440000534057617,component_pass_from_205047_not_rescored_here,RawProviderConsensusRiskOn,CrossVenueMomentum,provider_raw_daily_consensus,ProviderRawDailyConsensusV1:provider_consensus_momentum,Bull -> RawProviderConsensusRiskOn -> CrossVenueMomentum -> ProviderRawDailyConsensusV1:provider_consensus_momentum,board-b-provider-raw-daily-consensus/v1,1d_hold_5,long_research_only_until_branch_rc_spa_passes,suppress_if_bull_raw_provider_branch_rc_spa_fails,long,1,676.56,680.73,0.0061635331677900584,0.001,0.005163533167790058,2025,source_panel_daily_asof,kraken_spyx,tokenized_equity,3,1.2545734211897441
board-b-provider-raw-daily-consensus/v1,20260511T212329+0800-codex-board-b-provider-raw-daily-consensus-v1,ProviderRawDailyConsensusV1,provider_consensus_momentum,SPYx/USD,1d,ProviderRawDailyConsensusV1:provider_consensus_momentum:SPYx/USD:1d:kraken_spyx:85,2025-11-07T00:00:00+00:00,2025-11-12T00:00:00+00:00,2025-11-07,^IXIC,Bull,0.9797225384,0.6,19.079999923706055,component_pass_from_205047_not_rescored_here,RawProviderConsensusRiskOn,CrossVenueMomentum,provider_raw_daily_consensus,ProviderRawDailyConsensusV1:provider_consensus_momentum,Bull -> RawProviderConsensusRiskOn -> CrossVenueMomentum -> ProviderRawDailyConsensusV1:provider_consensus_momentum,board-b-provider-raw-daily-consensus/v1,1d_hold_5,long_research_only_until_branch_rc_spa_passes,suppress_if_bull_raw_provider_branch_rc_spa_fails,long,1,687.74,697.91,0.014787565068194342,0.001,0.01378756506819434,2025,source_panel_daily_asof,kraken_spyx,tokenized_equity,3,1.2571702325159182
board-b-provider-raw-daily-consensus/v1,20260511T212329+0800-codex-board-b-provider-raw-daily-consensus-v1,ProviderRawDailyConsensusV1,provider_consensus_momentum,SPYx/USD,1d,ProviderRawDailyConsensusV1:provider_consensus_momentum:SPYx/USD:1d:kraken_spyx:92,2025-11-14T00:00:00+00:00,2025-11-19T00:00:00+00:00,2025-11-14,^IXIC,Bull,0.9797225384,0.6,19.829999923706055,component_pass_from_205047_not_rescored_here,RawProviderConsensusRiskOn,CrossVenueMomentum,provider_raw_daily_consensus,ProviderRawDailyConsensusV1:provider_consensus_momentum,Bull -> RawProviderConsensusRiskOn -> CrossVenueMomentum -> ProviderRawDailyConsensusV1:provider_consensus_momentum,board-b-provider-raw-daily-consensus/v1,1d_hold_5,long_research_only_until_branch_rc_spa_passes,suppress_if_bull_raw_provider_branch_rc_spa_fails,long,1,688.54,683.7,-0.007029366485607147,0.001,-0.008029366485607148,2025,source_panel_daily_asof,kraken_spyx,tokenized_equity,3,1.2374256318783186
board-b-provider-raw-daily-consensus/v1,20260511T212329+0800-codex-board-b-provider-raw-daily-consensus-v1,ProviderRawDailyConsensusV1,provider_consensus_momentum,SPYx/USD,1d,ProviderRawDailyConsensusV1:provider_consensus_momentum:SPYx/USD:1d:kraken_spyx:111,2025-12-03T00:00:00+00:00,2025-12-08T00:00:00+00:00,2025-12-03,^IXIC,Bull,0.9797225384,0.6,16.079999923706055,component_pass_from_205047_not_rescored_here,RawProviderConsensusRiskOn,CrossVenueMomentum,provider_raw_daily_consensus,ProviderRawDailyConsensusV1:provider_consensus_momentum,Bull -> RawProviderConsensusRiskOn -> CrossVenueMomentum -> ProviderRawDailyConsensusV1:provider_consensus_momentum,board-b-provider-raw-daily-consensus/v1,1d_hold_5,long_research_only_until_branch_rc_spa_passes,suppress_if_bull_raw_provider_branch_rc_spa_fails,long,1,683.88,684.81,0.0013598876995963849,0.001,0.00035988769959638487,2025,source_panel_daily_asof,kraken_spyx,tokenized_equity,3,1.2054057501016264
board-b-provider-raw-daily-consensus/v1,20260511T212329+0800-codex-board-b-provider-raw-daily-consensus-v1,ProviderRawDailyConsensusV1,provider_consensus_momentum,SPYx/USD,1d,ProviderRawDailyConsensusV1:provider_consensus_momentum:SPYx/USD:1d:kraken_spyx:118,2025-12-10T00:00:00+00:00,2025-12-15T00:00:00+00:00,2025-12-10,^IXIC,Bull,0.9797225384,0.8,15.770000457763672,component_pass_from_205047_not_rescored_here,RawProviderConsensusRiskOn,CrossVenueMomentum,provider_raw_daily_consensus,ProviderRawDailyConsensusV1:provider_consensus_momentum,Bull -> RawProviderConsensusRiskOn -> CrossVenueMomentum -> ProviderRawDailyConsensusV1:provider_consensus_momentum,board-b-provider-raw-daily-consensus/v1,1d_hold_5,long_research_only_until_branch_rc_spa_passes,suppress_if_bull_raw_provider_branch_rc_spa_fails,long,1,684.08,679.17,-0.007177523096713934,0.001,-0.008177523096713935,2025,source_panel_daily_asof,kraken_spyx,tokenized_equity,3,1.2376405926698049
board-b-provider-raw-daily-consensus/v1,20260511T212329+0800-codex-board-b-provider-raw-daily-consensus-v1,ProviderRawDailyConsensusV1,provider_consensus_momentum,SPYx/USD,1d,ProviderRawDailyConsensusV1:provider_consensus_momentum:SPYx/USD:1d:kraken_spyx:129,2025-12-21T00:00:00+00:00,2025-12-26T00:00:00+00:00,2025-12-21,^IXIC,Bull,0.9797225384,0.833,14.90999984741211,component_pass_from_205047_not_rescored_here,RawProviderConsensusRiskOn,CrossVenueMomentum,provider_raw_daily_consensus,ProviderRawDailyConsensusV1:provider_consensus_momentum,Bull -> RawProviderConsensusRiskOn -> CrossVenueMomentum -> ProviderRawDailyConsensusV1:provider_consensus_momentum,board-b-provider-raw-daily-consensus/v1,1d_hold_5,long_research_only_until_branch_rc_spa_passes,suppress_if_bull_raw_provider_branch_rc_spa_fails,long,1,683.7,688.58,0.0071376334649699835,0.001,0.0061376334649699835,2025,source_panel_daily_asof,kraken_spyx,tokenized_equity,3,1.2553619195905097
board-b-provider-raw-daily-consensus/v1,20260511T212329+0800-codex-board-b-provider-raw-daily-consensus-v1,ProviderRawDailyConsensusV1,provider_consensus_momentum,SPYx/USD,1d,ProviderRawDailyConsensusV1:provider_consensus_momentum:SPYx/USD:1d:kraken_spyx:135,2025-12-27T00:00:00+00:00,2026-01-01T00:00:00+00:00,2025-12-27,^IXIC,Bull,0.9797225384,0.6,13.600000381469728,component_pass_from_205047_not_rescored_here,RawProviderConsensusRiskOn,CrossVenueMomentum,provider_raw_daily_consensus,ProviderRawDailyConsensusV1:provider_consensus_momentum,Bull -> RawProviderConsensusRiskOn -> CrossVenueMomentum -> ProviderRawDailyConsensusV1:provider_consensus_momentum,board-b-provider-raw-daily-consensus/v1,1d_hold_5,long_research_only_until_branch_rc_spa_passes,suppress_if_bull_raw_provider_branch_rc_spa_fails,long,1,688.58,681.19,-0.010732231548984839,0.001,-0.01173223154898484,2025,source_panel_daily_asof,kraken_spyx,tokenized_equity,3,1.2740080306294446
board-b-provider-raw-daily-consensus/v1,20260511T212329+0800-codex-board-b-provider-raw-daily-consensus-v1,ProviderRawDailyConsensusV1,provider_consensus_momentum,SPYx/USD,1d,ProviderRawDailyConsensusV1:provider_consensus_momentum:SPYx/USD:1d:kraken_spyx:146,2026-01-07T00:00:00+00:00,2026-01-12T00:00:00+00:00,2026-01-07,^IXIC,Bull,0.9797225384,0.6,15.380000114440918,component_pass_from_205047_not_rescored_here,RawProviderConsensusRiskOn,CrossVenueMomentum,provider_raw_daily_consensus,ProviderRawDailyConsensusV1:provider_consensus_momentum,Bull -> RawProviderConsensusRiskOn -> CrossVenueMomentum -> ProviderRawDailyConsensusV1:provider_consensus_momentum,board-b-provider-raw-daily-consensus/v1,1d_hold_5,long_research_only_until_branch_rc_spa_passes,suppress_if_bull_raw_provider_branch_rc_spa_fails,long,1,688.77,693.41,0.0067366464857645525,0.001,0.0057366464857645525,2026,source_panel_daily_asof,kraken_spyx,tokenized_equity,2,0.6386814192505952
board-b-provider-raw-daily-consensus/v1,20260511T212329+0800-codex-board-b-provider-raw-daily-consensus-v1,ProviderRawDailyConsensusV1,provider_consensus_momentum,SPYx/USD,1d,ProviderRawDailyConsensusV1:provider_consensus_momentum:SPYx/USD:1d:kraken_spyx:152,2026-01-13T00:00:00+00:00,2026-01-18T00:00:00+00:00,2026-01-13,^IXIC,Bull,0.9797225384,0.6,15.979999542236328,component_pass_from_205047_not_rescored_here,RawProviderConsensusRiskOn,CrossVenueMomentum,provider_raw_daily_consensus,ProviderRawDailyConsensusV1:provider_consensus_momentum,Bull -> RawProviderConsensusRiskOn -> CrossVenueMomentum -> ProviderRawDailyConsensusV1:provider_consensus_momentum,board-b-provider-raw-daily-consensus/v1,1d_hold_5,long_research_only_until_branch_rc_spa_passes,suppress_if_bull_raw_provider_branch_rc_spa_fails,long,1,692.73,693.91,0.0017034053671705074,0.001,0.0007034053671705074,2026,source_panel_daily_asof,kraken_spyx,tokenized_equity,2,0.6405457837880572
board-b-provider-raw-daily-consensus/v1,20260511T212329+0800-codex-board-b-provider-raw-daily-consensus-v1,ProviderRawDailyConsensusV1,provider_consensus_momentum,SPYx/USD,1d,ProviderRawDailyConsensusV1:provider_consensus_momentum:SPYx/USD:1d:kraken_spyx:158,2026-01-19T00:00:00+00:00,2026-01-24T00:00:00+00:00,2026-01-19,^IXIC,Bull,0.9797225384,0.6,15.859999656677246,component_pass_from_205047_not_rescored_here,RawProviderConsensusRiskOn,CrossVenueMomentum,provider_raw_daily_consensus,ProviderRawDailyConsensusV1:provider_consensus_momentum,Bull -> RawProviderConsensusRiskOn -> CrossVenueMomentum -> ProviderRawDailyConsensusV1:provider_consensus_momentum,board-b-provider-raw-daily-consensus/v1,1d_hold_5,long_research_only_until_branch_rc_spa_passes,suppress_if_bull_raw_provider_branch_rc_spa_fails,long,1,686.57,683.91,-0.003874331823412125,0.001,-0.004874331823412125,2026,source_panel_daily_asof,kraken_spyx,tokenized_equity,2,0.6529710352817822
board-b-provider-raw-daily-consensus/v1,20260511T212329+0800-codex-board-b-provider-raw-daily-consensus-v1,ProviderRawDailyConsensusV1,dispersion_reversion,SPYx/USD,1d,ProviderRawDailyConsensusV1:dispersion_reversion:SPYx/USD:1d:kraken_spyx:95,2025-11-17T00:00:00+00:00,2025-11-20T00:00:00+00:00,2025-11-17,^IXIC,Sideways,0.9529358324,1.0,22.3799991607666,component_pass_from_205047_not_rescored_here,RawProviderRange,DispersionReversion,provider_raw_daily_consensus,ProviderRawDailyConsensusV1:dispersion_reversion,Sideways -> RawProviderRange -> DispersionReversion -> ProviderRawDailyConsensusV1:dispersion_reversion,board-b-provider-raw-daily-consensus/v1,1d_hold_3,long_short_research_only_until_branch_rc_spa_passes,suppress_if_sideways_raw_provider_branch_rc_spa_fails,long,1,668.1,667.16,-0.0014069750037419837,0.001,-0.0024069750037419837,2025,source_panel_daily_asof,kraken_spyx,tokenized_equity,3,1.2639783052543574
board-b-provider-raw-daily-consensus/v1,20260511T212329+0800-codex-board-b-provider-raw-daily-consensus-v1,ProviderRawDailyConsensusV1,dispersion_reversion,SPYx/USD,1d,ProviderRawDailyConsensusV1:dispersion_reversion:SPYx/USD:1d:kraken_spyx:123,2025-12-15T00:00:00+00:00,2025-12-18T00:00:00+00:00,2025-12-15,^IXIC,Sideways,0.9529358324,0.75,16.5,component_pass_from_205047_not_rescored_here,RawProviderRange,DispersionReversion,provider_raw_daily_consensus,ProviderRawDailyConsensusV1:dispersion_reversion,Sideways -> RawProviderRange -> DispersionReversion -> ProviderRawDailyConsensusV1:dispersion_reversion,board-b-provider-raw-daily-consensus/v1,1d_hold_3,long_short_research_only_until_branch_rc_spa_passes,suppress_if_sideways_raw_provider_branch_rc_spa_fails,long,1,679.17,674.63,-0.006684629768688222,0.001,-0.007684629768688222,2025,source_panel_daily_asof,kraken_spyx,tokenized_equity,3,1.2446344918653842
board-b-provider-raw-daily-consensus/v1,20260511T212329+0800-codex-board-b-provider-raw-daily-consensus-v1,ProviderRawDailyConsensusV1,dispersion_reversion,SPYx/USD,1d,ProviderRawDailyConsensusV1:dispersion_reversion:SPYx/USD:1d:kraken_spyx:145,2026-01-06T00:00:00+00:00,2026-01-09T00:00:00+00:00,2026-01-06,^IXIC,Sideways,0.9529358324,0.6,14.75,component_pass_from_205047_not_rescored_here,RawProviderRange,DispersionReversion,provider_raw_daily_consensus,ProviderRawDailyConsensusV1:dispersion_reversion,Sideways -> RawProviderRange -> DispersionReversion -> ProviderRawDailyConsensusV1:dispersion_reversion,board-b-provider-raw-daily-consensus/v1,1d_hold_3,long_short_research_only_until_branch_rc_spa_passes,suppress_if_sideways_raw_provider_branch_rc_spa_fails,short,-1,690.84,693.43,-0.0037490591164377474,0.001,-0.004749059116437747,2026,source_panel_daily_asof,kraken_spyx,tokenized_equity,2,0.6363590001829528
board-b-provider-raw-daily-consensus/v1,20260511T212329+0800-codex-board-b-provider-raw-daily-consensus-v1,ProviderRawDailyConsensusV1,dispersion_reversion,SPYx/USD,1d,ProviderRawDailyConsensusV1:dispersion_reversion:SPYx/USD:1d:kraken_spyx:159,2026-01-20T00:00:00+00:00,2026-01-23T00:00:00+00:00,2026-01-20,^IXIC,Sideways,0.9529358324,1.0,20.09000015258789,component_pass_from_205047_not_rescored_here,RawProviderRange,DispersionReversion,provider_raw_daily_consensus,ProviderRawDailyConsensusV1:dispersion_reversion,Sideways -> RawProviderRange -> DispersionReversion -> ProviderRawDailyConsensusV1:dispersion_reversion,board-b-provider-raw-daily-consensus/v1,1d_hold_3,long_short_research_only_until_branch_rc_spa_passes,suppress_if_sideways_raw_provider_branch_rc_spa_fails,long,1,676.7,686.72,0.014807152357026787,0.001,0.013807152357026786,2026,source_panel_daily_asof,kraken_spyx,tokenized_equity,2,0.6615921263810364
board-b-provider-raw-daily-consensus/v1,20260511T212329+0800-codex-board-b-provider-raw-daily-consensus-v1,ProviderRawDailyConsensusV1,dispersion_reversion,SPYx/USD,1d,ProviderRawDailyConsensusV1:dispersion_reversion:SPYx/USD:1d:kraken_spyx:163,2026-01-24T00:00:00+00:00,2026-01-27T00:00:00+00:00,2026-01-24,^IXIC,Sideways,0.9529358324,0.6,16.09000015258789,component_pass_from_205047_not_rescored_here,RawProviderRange,DispersionReversion,provider_raw_daily_consensus,ProviderRawDailyConsensusV1:dispersion_reversion,Sideways -> RawProviderRange -> DispersionReversion -> ProviderRawDailyConsensusV1:dispersion_reversion,board-b-provider-raw-daily-consensus/v1,1d_hold_3,long_short_research_only_until_branch_rc_spa_passes,suppress_if_sideways_raw_provider_branch_rc_spa_fails,long,1,683.91,694.68,0.015747686099048197,0.001,0.014747686099048196,2026,source_panel_daily_asof,kraken_spyx,tokenized_equity,2,0.6583985331634006
board-b-provider-raw-daily-consensus/v1,20260511T212329+0800-codex-board-b-provider-raw-daily-consensus-v1,ProviderRawDailyConsensusV1,provider_consensus_momentum,SPX/USD,1d,ProviderRawDailyConsensusV1:provider_consensus_momentum:SPX/USD:1d:kraken_spx:23,2025-06-24T00:00:00+00:00,2025-06-29T00:00:00+00:00,2025-06-24,^IXIC,Bull,0.9797225384,0.6,17.479999542236328,component_pass_from_205047_not_rescored_here,RawProviderConsensusRiskOn,CrossVenueMomentum,provider_raw_daily_consensus,ProviderRawDailyConsensusV1:provider_consensus_momentum,Bull -> RawProviderConsensusRiskOn -> CrossVenueMomentum -> ProviderRawDailyConsensusV1:provider_consensus_momentum,board-b-provider-raw-daily-consensus/v1,1d_hold_5,long_research_only_until_branch_rc_spa_passes,suppress_if_bull_raw_provider_branch_rc_spa_fails,long,1,1.3433,1.3408,-0.001861088364475516,0.001,-0.002861088364475516,2025,source_panel_daily_asof,kraken_spx,tokenized_equity,1,0.0
board-b-provider-raw-daily-consensus/v1,20260511T212329+0800-codex-board-b-provider-raw-daily-consensus-v1,ProviderRawDailyConsensusV1,provider_consensus_momentum,SPX/USD,1d,ProviderRawDailyConsensusV1:provider_consensus_momentum:SPX/USD:1d:kraken_spx:38,2025-07-09T00:00:00+00:00,2025-07-14T00:00:00+00:00,2025-07-09,^IXIC,Bull,0.9797225384,1.0,15.9399995803833,component_pass_from_205047_not_rescored_here,RawProviderConsensusRiskOn,CrossVenueMomentum,provider_raw_daily_consensus,ProviderRawDailyConsensusV1:provider_consensus_momentum,Bull -> RawProviderConsensusRiskOn -> CrossVenueMomentum -> ProviderRawDailyConsensusV1:provider_consensus_momentum,board-b-provider-raw-daily-consensus/v1,1d_hold_5,long_research_only_until_branch_rc_spa_passes,suppress_if_bull_raw_provider_branch_rc_spa_fails,long,1,1.5034,1.5045,0.000731674870293908,0.001,-0.00026832512970609203,2025,source_panel_daily_asof,kraken_spx,tokenized_equity,1,0.0
board-b-provider-raw-daily-consensus/v1,20260511T212329+0800-codex-board-b-provider-raw-daily-consensus-v1,ProviderRawDailyConsensusV1,provider_consensus_momentum,SPX/USD,1d,ProviderRawDailyConsensusV1:provider_consensus_momentum:SPX/USD:1d:kraken_spx:44,2025-07-15T00:00:00+00:00,2025-07-20T00:00:00+00:00,2025-07-15,^IXIC,Bull,0.9797225384,1.0,17.3799991607666,component_pass_from_205047_not_rescored_here,RawProviderConsensusRiskOn,CrossVenueMomentum,provider_raw_daily_consensus,ProviderRawDailyConsensusV1:provider_consensus_momentum,Bull -> RawProviderConsensusRiskOn -> CrossVenueMomentum -> ProviderRawDailyConsensusV1:provider_consensus_momentum,board-b-provider-raw-daily-consensus/v1,1d_hold_5,long_research_only_until_branch_rc_spa_passes,suppress_if_bull_raw_provider_branch_rc_spa_fails,long,1,1.6049,1.892,0.17888965044551064,0.001,0.17788965044551064,2025,source_panel_daily_asof,kraken_spx,tokenized_equity,1,0.0
board-b-provider-raw-daily-consensus/v1,20260511T212329+0800-codex-board-b-provider-raw-daily-consensus-v1,ProviderRawDailyConsensusV1,provider_consensus_momentum,SPX/USD,1d,ProviderRawDailyConsensusV1:provider_consensus_momentum:SPX/USD:1d:kraken_spx:50,2025-07-21T00:00:00+00:00,2025-07-26T00:00:00+00:00,2025-07-21,^IXIC,Bull,0.9797225384,1.0,16.649999618530273,component_pass_from_205047_not_rescored_here,RawProviderConsensusRiskOn,CrossVenueMomentum,provider_raw_daily_consensus,ProviderRawDailyConsensusV1:provider_consensus_momentum,Bull -> RawProviderConsensusRiskOn -> CrossVenueMomentum -> ProviderRawDailyConsensusV1:provider_consensus_momentum,board-b-provider-raw-daily-consensus/v1,1d_hold_5,long_research_only_until_branch_rc_spa_passes,suppress_if_bull_raw_provider_branch_rc_spa_fails,long,1,1.9403,1.9632,0.01180229861361659,0.001,0.01080229861361659,2025,source_panel_daily_asof,kraken_spx,tokenized_equity,1,0.0
board-b-provider-raw-daily-consensus/v1,20260511T212329+0800-codex-board-b-provider-raw-daily-consensus-v1,ProviderRawDailyConsensusV1,provider_consensus_momentum,SPX/USD,1d,ProviderRawDailyConsensusV1:provider_consensus_momentum:SPX/USD:1d:kraken_spx:56,2025-07-27T00:00:00+00:00,2025-08-01T00:00:00+00:00,2025-07-27,^IXIC,Bull,0.9797225384,0.8,14.93000030517578,component_pass_from_205047_not_rescored_here,RawProviderConsensusRiskOn,CrossVenueMomentum,provider_raw_daily_consensus,ProviderRawDailyConsensusV1:provider_consensus_momentum,Bull -> RawProviderConsensusRiskOn -> CrossVenueMomentum -> ProviderRawDailyConsensusV1:provider_consensus_momentum,board-b-provider-raw-daily-consensus/v1,1d_hold_5,long_research_only_until_branch_rc_spa_passes,suppress_if_bull_raw_provider_branch_rc_spa_fails,long,1,2.1497,1.5333,-0.2867376843280458,0.001,-0.2877376843280458,2025,source_panel_daily_asof,kraken_spx,tokenized_equity,1,0.0
board-b-provider-raw-daily-consensus/v1,20260511T212329+0800-codex-board-b-provider-raw-daily-consensus-v1,ProviderRawDailyConsensusV1,provider_consensus_momentum,SPX/USD,1d,ProviderRawDailyConsensusV1:provider_consensus_momentum:SPX/USD:1d:kraken_spx:63,2025-08-03T00:00:00+00:00,2025-08-08T00:00:00+00:00,2025-08-03,^IXIC,Bull,0.9797225384,0.6,20.3799991607666,component_pass_from_205047_not_rescored_here,RawProviderConsensusRiskOn,CrossVenueMomentum,provider_raw_daily_consensus,ProviderRawDailyConsensusV1:provider_consensus_momentum,Bull -> RawProviderConsensusRiskOn -> CrossVenueMomentum -> ProviderRawDailyConsensusV1:provider_consensus_momentum,board-b-provider-raw-daily-consensus/v1,1d_hold_5,long_research_only_until_branch_rc_spa_passes,suppress_if_bull_raw_provider_branch_rc_spa_fails,long,1,1.6056,1.7967,0.1190209267563529,0.001,0.1180209267563529,2025,source_panel_daily_asof,kraken_spx,tokenized_equity,1,0.0
board-b-provider-raw-daily-consensus/v1,20260511T212329+0800-codex-board-b-provider-raw-daily-consensus-v1,ProviderRawDailyConsensusV1,provider_consensus_momentum,SPX/USD,1d,ProviderRawDailyConsensusV1:provider_consensus_momentum:SPX/USD:1d:kraken_spx:69,2025-08-09T00:00:00+00:00,2025-08-14T00:00:00+00:00,2025-08-09,^IXIC,Bull,0.9797225384,0.6,15.149999618530272,component_pass_from_205047_not_rescored_here,RawProviderConsensusRiskOn,CrossVenueMomentum,provider_raw_daily_consensus,ProviderRawDailyConsensusV1:provider_consensus_momentum,Bull -> RawProviderConsensusRiskOn -> CrossVenueMomentum -> ProviderRawDailyConsensusV1:provider_consensus_momentum,board-b-provider-raw-daily-consensus/v1,1d_hold_5,long_research_only_until_branch_rc_spa_passes,suppress_if_bull_raw_provider_branch_rc_spa_fails,long,1,1.944,1.5049,-0.22587448559670786,0.001,-0.22687448559670786,2025,source_panel_daily_asof,kraken_spx,tokenized_equity,1,0.0
board-b-provider-raw-daily-consensus/v1,20260511T212329+0800-codex-board-b-provider-raw-daily-consensus-v1,ProviderRawDailyConsensusV1,provider_consensus_momentum,SPX/USD,1d,ProviderRawDailyConsensusV1:provider_consensus_momentum:SPX/USD:1d:kraken_spx:100,2025-09-09T00:00:00+00:00,2025-09-14T00:00:00+00:00,2025-09-09,^IXIC,Bull,0.9797225384,0.6,15.039999961853027,component_pass_from_205047_not_rescored_here,RawProviderConsensusRiskOn,CrossVenueMomentum,provider_raw_daily_consensus,ProviderRawDailyConsensusV1:provider_consensus_momentum,Bull -> RawProviderConsensusRiskOn -> CrossVenueMomentum -> ProviderRawDailyConsensusV1:provider_consensus_momentum,board-b-provider-raw-daily-consensus/v1,1d_hold_5,long_research_only_until_branch_rc_spa_passes,suppress_if_bull_raw_provider_branch_rc_spa_fails,long,1,1.3991,1.3537,-0.032449431777571425,0.001,-0.033449431777571426,2025,source_panel_daily_asof,kraken_spx,tokenized_equity,3,1.4084642238288527
board-b-provider-raw-daily-consensus/v1,20260511T212329+0800-codex-board-b-provider-raw-daily-consensus-v1,ProviderRawDailyConsensusV1,provider_consensus_momentum,SPX/USD,1d,ProviderRawDailyConsensusV1:provider_consensus_momentum:SPX/USD:1d:kraken_spx:108,2025-09-17T00:00:00+00:00,2025-09-22T00:00:00+00:00,2025-09-17,^IXIC,Bull,0.9797225384,0.6,15.720000267028809,component_pass_from_205047_not_rescored_here,RawProviderConsensusRiskOn,CrossVenueMomentum,provider_raw_daily_consensus,ProviderRawDailyConsensusV1:provider_consensus_momentum,Bull -> RawProviderConsensusRiskOn -> CrossVenueMomentum -> ProviderRawDailyConsensusV1:provider_consensus_momentum,board-b-provider-raw-daily-consensus/v1,1d_hold_5,long_research_only_until_branch_rc_spa_passes,suppress_if_bull_raw_provider_branch_rc_spa_fails,long,1,1.4672,1.0949,-0.2537486368593239,0.001,-0.2547486368593239,2025,source_panel_daily_asof,kraken_spx,tokenized_equity,3,1.3935371897482824
board-b-provider-raw-daily-consensus/v1,20260511T212329+0800-codex-board-b-provider-raw-daily-consensus-v1,ProviderRawDailyConsensusV1,provider_consensus_momentum,SPX/USD,1d,ProviderRawDailyConsensusV1:provider_consensus_momentum:SPX/USD:1d:kraken_spx:125,2025-10-04T00:00:00+00:00,2025-10-09T00:00:00+00:00,2025-10-04,^IXIC,Bull,0.9797225384,0.6,16.649999618530273,component_pass_from_205047_not_rescored_here,RawProviderConsensusRiskOn,CrossVenueMomentum,provider_raw_daily_consensus,ProviderRawDailyConsensusV1:provider_consensus_momentum,Bull -> RawProviderConsensusRiskOn -> CrossVenueMomentum -> ProviderRawDailyConsensusV1:provider_consensus_momentum,board-b-provider-raw-daily-consensus/v1,1d_hold_5,long_research_only_until_branch_rc_spa_passes,suppress_if_bull_raw_provider_branch_rc_spa_fails,long,1,1.4711,1.4562,-0.010128475290599015,0.001,-0.011128475290599016,2025,source_panel_daily_asof,kraken_spx,tokenized_equity,3,1.3088773863854686
board-b-provider-raw-daily-consensus/v1,20260511T212329+0800-codex-board-b-provider-raw-daily-consensus-v1,ProviderRawDailyConsensusV1,provider_consensus_momentum,SPX/USD,1d,ProviderRawDailyConsensusV1:provider_consensus_momentum:SPX/USD:1d:kraken_spx:133,2025-10-12T00:00:00+00:00,2025-10-17T00:00:00+00:00,2025-10-12,^IXIC,Bull,0.9797225384,0.6,21.65999984741211,component_pass_from_205047_not_rescored_here,RawProviderConsensusRiskOn,CrossVenueMomentum,provider_raw_daily_consensus,ProviderRawDailyConsensusV1:provider_consensus_momentum,Bull -> RawProviderConsensusRiskOn -> CrossVenueMomentum -> ProviderRawDailyConsensusV1:provider_consensus_momentum,board-b-provider-raw-daily-consensus/v1,1d_hold_5,long_research_only_until_branch_rc_spa_passes,suppress_if_bull_raw_provider_branch_rc_spa_fails,long,1,1.3422,0.9847,-0.2663537475786023,0.001,-0.2673537475786023,2025,source_panel_daily_asof,kraken_spx,tokenized_equity,3,1.3544065226649202
board-b-provider-raw-daily-consensus/v1,20260511T212329+0800-codex-board-b-provider-raw-daily-consensus-v1,ProviderRawDailyConsensusV1,provider_pullback_reclaim,SPX/USD,1d,ProviderRawDailyConsensusV1:provider_pullback_reclaim:SPX/USD:1d:kraken_spx:63,2025-08-03T00:00:00+00:00,2025-08-07T00:00:00+00:00,2025-08-03,^IXIC,Bull,0.9797225384,0.6,20.3799991607666,component_pass_from_205047_not_rescored_here,RawProviderConsensusRiskOn,CrossVenueMomentum,provider_raw_daily_consensus,ProviderRawDailyConsensusV1:provider_pullback_reclaim,Bull -> RawProviderConsensusRiskOn -> CrossVenueMomentum -> ProviderRawDailyConsensusV1:provider_pullback_reclaim,board-b-provider-raw-daily-consensus/v1,1d_hold_4,long_research_only_until_branch_rc_spa_passes,suppress_if_bull_raw_provider_branch_rc_spa_fails,long,1,1.6056,1.8265,0.13758096661684105,0.001,0.13658096661684105,2025,source_panel_daily_asof,kraken_spx,tokenized_equity,1,0.0
board-b-provider-raw-daily-consensus/v1,20260511T212329+0800-codex-board-b-provider-raw-daily-consensus-v1,ProviderRawDailyConsensusV1,dispersion_reversion,SPX/USD,1d,ProviderRawDailyConsensusV1:dispersion_reversion:SPX/USD:1d:kraken_spx:19,2025-06-20T00:00:00+00:00,2025-06-23T00:00:00+00:00,2025-06-20,^IXIC,Sideways,0.9529358324,0.75,20.6200008392334,component_pass_from_205047_not_rescored_here,RawProviderRange,DispersionReversion,provider_raw_daily_consensus,ProviderRawDailyConsensusV1:dispersion_reversion,Sideways -> RawProviderRange -> DispersionReversion -> ProviderRawDailyConsensusV1:dispersion_reversion,board-b-provider-raw-daily-consensus/v1,1d_hold_3,long_short_research_only_until_branch_rc_spa_passes,suppress_if_sideways_raw_provider_branch_rc_spa_fails,long,1,1.0923,1.207,0.10500778174494196,0.001,0.10400778174494196,2025,source_panel_daily_asof,kraken_spx,tokenized_equity,1,0.0
board-b-provider-raw-daily-consensus/v1,20260511T212329+0800-codex-board-b-provider-raw-daily-consensus-v1,ProviderRawDailyConsensusV1,dispersion_reversion,SPX/USD,1d,ProviderRawDailyConsensusV1:dispersion_reversion:SPX/USD:1d:kraken_spx:178,2025-11-26T00:00:00+00:00,2025-11-29T00:00:00+00:00,2025-11-26,^IXIC,Sideways,0.9529358324,0.6,17.190000534057617,component_pass_from_205047_not_rescored_here,RawProviderRange,DispersionReversion,provider_raw_daily_consensus,ProviderRawDailyConsensusV1:dispersion_reversion,Sideways -> RawProviderRange -> DispersionReversion -> ProviderRawDailyConsensusV1:dispersion_reversion,board-b-provider-raw-daily-consensus/v1,1d_hold_3,long_short_research_only_until_branch_rc_spa_passes,suppress_if_sideways_raw_provider_branch_rc_spa_fails,short,-1,0.7168,0.6661,0.07073102678571419,0.001,0.06973102678571419,2025,source_panel_daily_asof,kraken_spx,tokenized_equity,3,1.223632971817033
board-b-provider-raw-daily-consensus/v1,20260511T212329+0800-codex-board-b-provider-raw-daily-consensus-v1,ProviderRawDailyConsensusV1,dispersion_reversion,SPX/USD,1d,ProviderRawDailyConsensusV1:dispersion_reversion:SPX/USD:1d:kraken_spx:184,2025-12-02T00:00:00+00:00,2025-12-05T00:00:00+00:00,2025-12-02,^IXIC,Sideways,0.9529358324,0.6,16.59000015258789,component_pass_from_205047_not_rescored_here,RawProviderRange,DispersionReversion,provider_raw_daily_consensus,ProviderRawDailyConsensusV1:dispersion_reversion,Sideways -> RawProviderRange -> DispersionReversion -> ProviderRawDailyConsensusV1:dispersion_reversion,board-b-provider-raw-daily-consensus/v1,1d_hold_3,long_short_research_only_until_branch_rc_spa_passes,suppress_if_sideways_raw_provider_branch_rc_spa_fails,short,-1,0.7012,0.6595,0.059469480889903115,0.001,0.058469480889903114,2025,source_panel_daily_asof,kraken_spx,tokenized_equity,3,1.1963595296052387
board-b-provider-raw-daily-consensus/v1,20260511T212329+0800-codex-board-b-provider-raw-daily-consensus-v1,ProviderRawDailyConsensusV1,dispersion_reversion,SPX/USD,1d,ProviderRawDailyConsensusV1:dispersion_reversion:SPX/USD:1d:kraken_spx:197,2025-12-15T00:00:00+00:00,2025-12-18T00:00:00+00:00,2025-12-15,^IXIC,Sideways,0.9529358324,0.75,16.5,component_pass_from_205047_not_rescored_here,RawProviderRange,DispersionReversion,provider_raw_daily_consensus,ProviderRawDailyConsensusV1:dispersion_reversion,Sideways -> RawProviderRange -> DispersionReversion -> ProviderRawDailyConsensusV1:dispersion_reversion,board-b-provider-raw-daily-consensus/v1,1d_hold_3,long_short_research_only_until_branch_rc_spa_passes,suppress_if_sideways_raw_provider_branch_rc_spa_fails,long,1,0.5183,0.4577,-0.11692070229596752,0.001,-0.11792070229596752,2025,source_panel_daily_asof,kraken_spx,tokenized_equity,3,1.2446344918653842
board-b-provider-raw-daily-consensus/v1,20260511T212329+0800-codex-board-b-provider-raw-daily-consensus-v1,ProviderRawDailyConsensusV1,provider_consensus_momentum,AAPLx/USD,1d,ProviderRawDailyConsensusV1:provider_consensus_momentum:AAPLx/USD:1d:kraken_aaplx:20,2025-09-03T00:00:00+00:00,2025-09-08T00:00:00+00:00,2025-09-03,^IXIC,Bull,0.9797225384,0.6,16.350000381469727,component_pass_from_205047_not_rescored_here,RawProviderConsensusRiskOn,CrossVenueMomentum,provider_raw_daily_consensus,ProviderRawDailyConsensusV1:provider_consensus_momentum,Bull -> RawProviderConsensusRiskOn -> CrossVenueMomentum -> ProviderRawDailyConsensusV1:provider_consensus_momentum,board-b-provider-raw-daily-consensus/v1,1d_hold_5,long_research_only_until_branch_rc_spa_passes,suppress_if_bull_raw_provider_branch_rc_spa_fails,long,1,237.21,237.3,0.0003794106487922111,0.001,-0.0006205893512077889,2025,source_panel_daily_asof,kraken_aaplx,tokenized_equity,3,1.3593288718925711
board-b-provider-raw-daily-consensus/v1,20260511T212329+0800-codex-board-b-provider-raw-daily-consensus-v1,ProviderRawDailyConsensusV1,provider_consensus_momentum,AAPLx/USD,1d,ProviderRawDailyConsensusV1:provider_consensus_momentum:AAPLx/USD:1d:kraken_aaplx:26,2025-09-09T00:00:00+00:00,2025-09-14T00:00:00+00:00,2025-09-09,^IXIC,Bull,0.9797225384,0.6,15.039999961853027,component_pass_from_205047_not_rescored_here,RawProviderConsensusRiskOn,CrossVenueMomentum,provider_raw_daily_consensus,ProviderRawDailyConsensusV1:provider_consensus_momentum,Bull -> RawProviderConsensusRiskOn -> CrossVenueMomentum -> ProviderRawDailyConsensusV1:provider_consensus_momentum,board-b-provider-raw-daily-consensus/v1,1d_hold_5,long_research_only_until_branch_rc_spa_passes,suppress_if_bull_raw_provider_branch_rc_spa_fails,long,1,233.67,234.31,0.0027389052937905056,0.001,0.0017389052937905056,2025,source_panel_daily_asof,kraken_aaplx,tokenized_equity,3,1.4084642238288527
board-b-provider-raw-daily-consensus/v1,20260511T212329+0800-codex-board-b-provider-raw-daily-consensus-v1,ProviderRawDailyConsensusV1,provider_consensus_momentum,AAPLx/USD,1d,ProviderRawDailyConsensusV1:provider_consensus_momentum:AAPLx/USD:1d:kraken_aaplx:32,2025-09-15T00:00:00+00:00,2025-09-20T00:00:00+00:00,2025-09-15,^IXIC,Bull,0.9797225384,0.8,15.6899995803833,component_pass_from_205047_not_rescored_here,RawProviderConsensusRiskOn,CrossVenueMomentum,provider_raw_daily_consensus,ProviderRawDailyConsensusV1:provider_consensus_momentum,Bull -> RawProviderConsensusRiskOn -> CrossVenueMomentum -> ProviderRawDailyConsensusV1:provider_consensus_momentum,board-b-provider-raw-daily-consensus/v1,1d_hold_5,long_research_only_until_branch_rc_spa_passes,suppress_if_bull_raw_provider_branch_rc_spa_fails,long,1,236.6,245.77,0.03875739644970411,0.001,0.037757396449704106,2025,source_panel_daily_asof,kraken_aaplx,tokenized_equity,3,1.4115562900156136
board-b-provider-raw-daily-consensus/v1,20260511T212329+0800-codex-board-b-provider-raw-daily-consensus-v1,ProviderRawDailyConsensusV1,provider_consensus_momentum,AAPLx/USD,1d,ProviderRawDailyConsensusV1:provider_consensus_momentum:AAPLx/USD:1d:kraken_aaplx:38,2025-09-21T00:00:00+00:00,2025-09-26T00:00:00+00:00,2025-09-21,^IXIC,Bull,0.9797225384,1.0,15.449999809265137,component_pass_from_205047_not_rescored_here,RawProviderConsensusRiskOn,CrossVenueMomentum,provider_raw_daily_consensus,ProviderRawDailyConsensusV1:provider_consensus_momentum,Bull -> RawProviderConsensusRiskOn -> CrossVenueMomentum -> ProviderRawDailyConsensusV1:provider_consensus_momentum,board-b-provider-raw-daily-consensus/v1,1d_hold_5,long_research_only_until_branch_rc_spa_passes,suppress_if_bull_raw_provider_branch_rc_spa_fails,long,1,245.77,255.81,0.04085120234365469,0.001,0.03985120234365469,2025,source_panel_daily_asof,kraken_aaplx,tokenized_equity,3,1.362932948646924
board-b-provider-raw-daily-consensus/v1,20260511T212329+0800-codex-board-b-provider-raw-daily-consensus-v1,ProviderRawDailyConsensusV1,provider_consensus_momentum,AAPLx/USD,1d,ProviderRawDailyConsensusV1:provider_consensus_momentum:AAPLx/USD:1d:kraken_aaplx:44,2025-09-27T00:00:00+00:00,2025-10-02T00:00:00+00:00,2025-09-27,^IXIC,Bull,0.9797225384,0.8,15.289999961853027,component_pass_from_205047_not_rescored_here,RawProviderConsensusRiskOn,CrossVenueMomentum,provider_raw_daily_consensus,ProviderRawDailyConsensusV1:provider_consensus_momentum,Bull -> RawProviderConsensusRiskOn -> CrossVenueMomentum -> ProviderRawDailyConsensusV1:provider_consensus_momentum,board-b-provider-raw-daily-consensus/v1,1d_hold_5,long_research_only_until_branch_rc_spa_passes,suppress_if_bull_raw_provider_branch_rc_spa_fails,long,1,255.81,257.84,0.007935577186192866,0.001,0.006935577186192866,2025,source_panel_daily_asof,kraken_aaplx,tokenized_equity,3,1.3034602392889358
board-b-provider-raw-daily-consensus/v1,20260511T212329+0800-codex-board-b-provider-raw-daily-consensus-v1,ProviderRawDailyConsensusV1,provider_consensus_momentum,AAPLx/USD,1d,ProviderRawDailyConsensusV1:provider_consensus_momentum:AAPLx/USD:1d:kraken_aaplx:50,2025-10-03T00:00:00+00:00,2025-10-08T00:00:00+00:00,2025-10-03,^IXIC,Bull,0.9797225384,0.6,16.649999618530273,component_pass_from_205047_not_rescored_here,RawProviderConsensusRiskOn,CrossVenueMomentum,provider_raw_daily_consensus,ProviderRawDailyConsensusV1:provider_consensus_momentum,Bull -> RawProviderConsensusRiskOn -> CrossVenueMomentum -> ProviderRawDailyConsensusV1:provider_consensus_momentum,board-b-provider-raw-daily-consensus/v1,1d_hold_5,long_research_only_until_branch_rc_spa_passes,suppress_if_bull_raw_provider_branch_rc_spa_fails,long,1,256.86,257.84,0.0038153079498557396,0.001,0.0028153079498557396,2025,source_panel_daily_asof,kraken_aaplx,tokenized_equity,3,1.3089882202972758
board-b-provider-raw-daily-consensus/v1,20260511T212329+0800-codex-board-b-provider-raw-daily-consensus-v1,ProviderRawDailyConsensusV1,provider_consensus_momentum,AAPLx/USD,1d,ProviderRawDailyConsensusV1:provider_consensus_momentum:AAPLx/USD:1d:kraken_aaplx:56,2025-10-09T00:00:00+00:00,2025-10-14T00:00:00+00:00,2025-10-09,^IXIC,Bull,0.9797225384,0.6,16.43000030517578,component_pass_from_205047_not_rescored_here,RawProviderConsensusRiskOn,CrossVenueMomentum,provider_raw_daily_consensus,ProviderRawDailyConsensusV1:provider_consensus_momentum,Bull -> RawProviderConsensusRiskOn -> CrossVenueMomentum -> ProviderRawDailyConsensusV1:provider_consensus_momentum,board-b-provider-raw-daily-consensus/v1,1d_hold_5,long_research_only_until_branch_rc_spa_passes,suppress_if_bull_raw_provider_branch_rc_spa_fails,long,1,253.14,247.9,-0.020700007900766315,0.001,-0.021700007900766316,2025,source_panel_daily_asof,kraken_aaplx,tokenized_equity,3,1.3361127148814773
board-b-provider-raw-daily-consensus/v1,20260511T212329+0800-codex-board-b-provider-raw-daily-consensus-v1,ProviderRawDailyConsensusV1,provider_consensus_momentum,AAPLx/USD,1d,ProviderRawDailyConsensusV1:provider_consensus_momentum:AAPLx/USD:1d:kraken_aaplx:66,2025-10-19T00:00:00+00:00,2025-10-24T00:00:00+00:00,2025-10-19,^IXIC,Bull,0.9797225384,0.6,20.780000686645508,component_pass_from_205047_not_rescored_here,RawProviderConsensusRiskOn,CrossVenueMomentum,provider_raw_daily_consensus,ProviderRawDailyConsensusV1:provider_consensus_momentum,Bull -> RawProviderConsensusRiskOn -> CrossVenueMomentum -> ProviderRawDailyConsensusV1:provider_consensus_momentum,board-b-provider-raw-daily-consensus/v1,1d_hold_5,long_research_only_until_branch_rc_spa_passes,suppress_if_bull_raw_provider_branch_rc_spa_fails,long,1,253.41,263.99,0.041750522868079454,0.001,0.04075052286807945,2025,source_panel_daily_asof,kraken_aaplx,tokenized_equity,3,1.3259242796045319
board-b-provider-raw-daily-consensus/v1,20260511T212329+0800-codex-board-b-provider-raw-daily-consensus-v1,ProviderRawDailyConsensusV1,provider_consensus_momentum,AAPLx/USD,1d,ProviderRawDailyConsensusV1:provider_consensus_momentum:AAPLx/USD:1d:kraken_aaplx:72,2025-10-25T00:00:00+00:00,2025-10-30T00:00:00+00:00,2025-10-25,^IXIC,Bull,0.9797225384,0.6,16.3700008392334,component_pass_from_205047_not_rescored_here,RawProviderConsensusRiskOn,CrossVenueMomentum,provider_raw_daily_consensus,ProviderRawDailyConsensusV1:provider_consensus_momentum,Bull -> RawProviderConsensusRiskOn -> CrossVenueMomentum -> ProviderRawDailyConsensusV1:provider_consensus_momentum,board-b-provider-raw-daily-consensus/v1,1d_hold_5,long_research_only_until_branch_rc_spa_passes,suppress_if_bull_raw_provider_branch_rc_spa_fails,long,1,263.99,278.67,0.05560816697602178,0.001,0.05460816697602178,2025,source_panel_daily_asof,kraken_aaplx,tokenized_equity,3,1.2946507680282318
board-b-provider-raw-daily-consensus/v1,20260511T212329+0800-codex-board-b-provider-raw-daily-consensus-v1,ProviderRawDailyConsensusV1,provider_consensus_momentum,AAPLx/USD,1d,ProviderRawDailyConsensusV1:provider_consensus_momentum:AAPLx/USD:1d:kraken_aaplx:78,2025-10-31T00:00:00+00:00,2025-11-05T00:00:00+00:00,2025-10-31,^IXIC,Bull,0.9797225384,0.6,17.440000534057617,component_pass_from_205047_not_rescored_here,RawProviderConsensusRiskOn,CrossVenueMomentum,provider_raw_daily_consensus,ProviderRawDailyConsensusV1:provider_consensus_momentum,Bull -> RawProviderConsensusRiskOn -> CrossVenueMomentum -> ProviderRawDailyConsensusV1:provider_consensus_momentum,board-b-provider-raw-daily-consensus/v1,1d_hold_5,long_research_only_until_branch_rc_spa_passes,suppress_if_bull_raw_provider_branch_rc_spa_fails,long,1,271.07,273.88,0.010366326041243878,0.001,0.009366326041243878,2025,source_panel_daily_asof,kraken_aaplx,tokenized_equity,3,1.254670722111308
board-b-provider-raw-daily-consensus/v1,20260511T212329+0800-codex-board-b-provider-raw-daily-consensus-v1,ProviderRawDailyConsensusV1,provider_consensus_momentum,AAPLx/USD,1d,ProviderRawDailyConsensusV1:provider_consensus_momentum:AAPLx/USD:1d:kraken_aaplx:84,2025-11-06T00:00:00+00:00,2025-11-11T00:00:00+00:00,2025-11-06,^IXIC,Bull,0.9797225384,0.6,19.5,component_pass_from_205047_not_rescored_here,RawProviderConsensusRiskOn,CrossVenueMomentum,provider_raw_daily_consensus,ProviderRawDailyConsensusV1:provider_consensus_momentum,Bull -> RawProviderConsensusRiskOn -> CrossVenueMomentum -> ProviderRawDailyConsensusV1:provider_consensus_momentum,board-b-provider-raw-daily-consensus/v1,1d_hold_5,long_research_only_until_branch_rc_spa_passes,suppress_if_bull_raw_provider_branch_rc_spa_fails,long,1,267.15,279.65,0.046790192775594264,0.001,0.04579019277559426,2025,source_panel_daily_asof,kraken_aaplx,tokenized_equity,3,1.2827535730717674
board-b-provider-raw-daily-consensus/v1,20260511T212329+0800-codex-board-b-provider-raw-daily-consensus-v1,ProviderRawDailyConsensusV1,provider_consensus_momentum,AAPLx/USD,1d,ProviderRawDailyConsensusV1:provider_consensus_momentum:AAPLx/USD:1d:kraken_aaplx:90,2025-11-12T00:00:00+00:00,2025-11-17T00:00:00+00:00,2025-11-12,^IXIC,Bull,0.9797225384,0.6,17.510000228881836,component_pass_from_205047_not_rescored_here,RawProviderConsensusRiskOn,CrossVenueMomentum,provider_raw_daily_consensus,ProviderRawDailyConsensusV1:provider_consensus_momentum,Bull -> RawProviderConsensusRiskOn -> CrossVenueMomentum -> ProviderRawDailyConsensusV1:provider_consensus_momentum,board-b-provider-raw-daily-consensus/v1,1d_hold_5,long_research_only_until_branch_rc_spa_passes,suppress_if_bull_raw_provider_branch_rc_spa_fails,long,1,269.33,265.94,-0.01258678944046332,0.001,-0.01358678944046332,2025,source_panel_daily_asof,kraken_aaplx,tokenized_equity,3,1.3057366517145423
board-b-provider-raw-daily-consensus/v1,20260511T212329+0800-codex-board-b-provider-raw-daily-consensus-v1,ProviderRawDailyConsensusV1,provider_consensus_momentum,AAPLx/USD,1d,ProviderRawDailyConsensusV1:provider_consensus_momentum:AAPLx/USD:1d:kraken_aaplx:111,2025-12-03T00:00:00+00:00,2025-12-08T00:00:00+00:00,2025-12-03,^IXIC,Bull,0.9797225384,0.6,16.079999923706055,component_pass_from_205047_not_rescored_here,RawProviderConsensusRiskOn,CrossVenueMomentum,provider_raw_daily_consensus,ProviderRawDailyConsensusV1:provider_consensus_momentum,Bull -> RawProviderConsensusRiskOn -> CrossVenueMomentum -> ProviderRawDailyConsensusV1:provider_consensus_momentum,board-b-provider-raw-daily-consensus/v1,1d_hold_5,long_research_only_until_branch_rc_spa_passes,suppress_if_bull_raw_provider_branch_rc_spa_fails,long,1,284.71,276.57,-0.028590495592005882,0.001,-0.029590495592005883,2025,source_panel_daily_asof,kraken_aaplx,tokenized_equity,3,1.2054057501016264
board-b-provider-raw-daily-consensus/v1,20260511T212329+0800-codex-board-b-provider-raw-daily-consensus-v1,ProviderRawDailyConsensusV1,provider_consensus_momentum,AAPLx/USD,1d,ProviderRawDailyConsensusV1:provider_consensus_momentum:AAPLx/USD:1d:kraken_aaplx:117,2025-12-09T00:00:00+00:00,2025-12-14T00:00:00+00:00,2025-12-09,^IXIC,Bull,0.9797225384,0.8,16.93000030517578,component_pass_from_205047_not_rescored_here,RawProviderConsensusRiskOn,CrossVenueMomentum,provider_raw_daily_consensus,ProviderRawDailyConsensusV1:provider_consensus_momentum,Bull -> RawProviderConsensusRiskOn -> CrossVenueMomentum -> ProviderRawDailyConsensusV1:provider_consensus_momentum,board-b-provider-raw-daily-consensus/v1,1d_hold_5,long_research_only_until_branch_rc_spa_passes,suppress_if_bull_raw_provider_branch_rc_spa_fails,long,1,277.39,278.32,0.003352680341757175,0.001,0.002352680341757175,2025,source_panel_daily_asof,kraken_aaplx,tokenized_equity,3,1.2328545359838823
board-b-provider-raw-daily-consensus/v1,20260511T212329+0800-codex-board-b-provider-raw-daily-consensus-v1,ProviderRawDailyConsensusV1,provider_pullback_reclaim,AAPLx/USD,1d,ProviderRawDailyConsensusV1:provider_pullback_reclaim:AAPLx/USD:1d:kraken_aaplx:60,2025-10-13T00:00:00+00:00,2025-10-17T00:00:00+00:00,2025-10-13,^IXIC,Bull,0.9797225384,0.6,19.030000686645508,component_pass_from_205047_not_rescored_here,RawProviderConsensusRiskOn,CrossVenueMomentum,provider_raw_daily_consensus,ProviderRawDailyConsensusV1:provider_pullback_reclaim,Bull -> RawProviderConsensusRiskOn -> CrossVenueMomentum -> ProviderRawDailyConsensusV1:provider_pullback_reclaim,board-b-provider-raw-daily-consensus/v1,1d_hold_4,long_research_only_until_branch_rc_spa_passes,suppress_if_bull_raw_provider_branch_rc_spa_fails,long,1,247.7,253.41,0.023052079127977354,0.001,0.022052079127977353,2025,source_panel_daily_asof,kraken_aaplx,tokenized_equity,3,1.3493420222585941
board-b-provider-raw-daily-consensus/v1,20260511T212329+0800-codex-board-b-provider-raw-daily-consensus-v1,ProviderRawDailyConsensusV1,provider_pullback_reclaim,AAPLx/USD,1d,ProviderRawDailyConsensusV1:provider_pullback_reclaim:AAPLx/USD:1d:kraken_aaplx:128,2025-12-20T00:00:00+00:00,2025-12-24T00:00:00+00:00,2025-12-20,^IXIC,Bull,0.9797225384,0.833,14.90999984741211,component_pass_from_205047_not_rescored_here,RawProviderConsensusRiskOn,CrossVenueMomentum,provider_raw_daily_consensus,ProviderRawDailyConsensusV1:provider_pullback_reclaim,Bull -> RawProviderConsensusRiskOn -> CrossVenueMomentum -> ProviderRawDailyConsensusV1:provider_pullback_reclaim,board-b-provider-raw-daily-consensus/v1,1d_hold_4,long_research_only_until_branch_rc_spa_passes,suppress_if_bull_raw_provider_branch_rc_spa_fails,long,1,273.92,273.23,-0.002518983644859807,0.001,-0.003518983644859807,2025,source_panel_daily_asof,kraken_aaplx,tokenized_equity,3,1.2553417761855497
board-b-provider-raw-daily-consensus/v1,20260511T212329+0800-codex-board-b-provider-raw-daily-consensus-v1,ProviderRawDailyConsensusV1,dispersion_reversion,AAPLx/USD,1d,ProviderRawDailyConsensusV1:dispersion_reversion:AAPLx/USD:1d:kraken_aaplx:95,2025-11-17T00:00:00+00:00,2025-11-20T00:00:00+00:00,2025-11-17,^IXIC,Sideways,0.9529358324,1.0,22.3799991607666,component_pass_from_205047_not_rescored_here,RawProviderRange,DispersionReversion,provider_raw_daily_consensus,ProviderRawDailyConsensusV1:dispersion_reversion,Sideways -> RawProviderRange -> DispersionReversion -> ProviderRawDailyConsensusV1:dispersion_reversion,board-b-provider-raw-daily-consensus/v1,1d_hold_3,long_short_research_only_until_branch_rc_spa_passes,suppress_if_sideways_raw_provider_branch_rc_spa_fails,long,1,265.94,259.64,-0.02368955403474471,0.001,-0.02468955403474471,2025,source_panel_daily_asof,kraken_aaplx,tokenized_equity,3,1.2639783052543574
board-b-provider-raw-daily-consensus/v1,20260511T212329+0800-codex-board-b-provider-raw-daily-consensus-v1,ProviderRawDailyConsensusV1,dispersion_reversion,AAPLx/USD,1d,ProviderRawDailyConsensusV1:dispersion_reversion:AAPLx/USD:1d:kraken_aaplx:109,2025-12-01T00:00:00+00:00,2025-12-04T00:00:00+00:00,2025-12-01,^IXIC,Sideways,0.9529358324,0.6,17.239999771118164,component_pass_from_205047_not_rescored_here,RawProviderRange,DispersionReversion,provider_raw_daily_consensus,ProviderRawDailyConsensusV1:dispersion_reversion,Sideways -> RawProviderRange -> DispersionReversion -> ProviderRawDailyConsensusV1:dispersion_reversion,board-b-provider-raw-daily-consensus/v1,1d_hold_3,long_short_research_only_until_branch_rc_spa_passes,suppress_if_sideways_raw_provider_branch_rc_spa_fails,short,-1,283.27,280.68,0.009143220249232087,0.001,0.008143220249232086,2025,source_panel_daily_asof,kraken_aaplx,tokenized_equity,3,1.2033420087513218
board-b-provider-raw-daily-consensus/v1,20260511T212329+0800-codex-board-b-provider-raw-daily-consensus-v1,ProviderRawDailyConsensusV1,dispersion_reversion,AAPLx/USD,1d,ProviderRawDailyConsensusV1:dispersion_reversion:AAPLx/USD:1d:kraken_aaplx:123,2025-12-15T00:00:00+00:00,2025-12-18T00:00:00+00:00,2025-12-15,^IXIC,Sideways,0.9529358324,0.75,16.5,component_pass_from_205047_not_rescored_here,RawProviderRange,DispersionReversion,provider_raw_daily_consensus,ProviderRawDailyConsensusV1:dispersion_reversion,Sideways -> RawProviderRange -> DispersionReversion -> ProviderRawDailyConsensusV1:dispersion_reversion,board-b-provider-raw-daily-consensus/v1,1d_hold_3,long_short_research_only_until_branch_rc_spa_passes,suppress_if_sideways_raw_provider_branch_rc_spa_fails,long,1,274.32,271.18,-0.011446485855934663,0.001,-0.012446485855934664,2025,source_panel_daily_asof,kraken_aaplx,tokenized_equity,3,1.2446344918653842
board-b-provider-raw-daily-consensus/v1,20260511T212329+0800-codex-board-b-provider-raw-daily-consensus-v1,ProviderRawDailyConsensusV1,dispersion_reversion,AAPLx/USD,1d,ProviderRawDailyConsensusV1:dispersion_reversion:AAPLx/USD:1d:kraken_aaplx:141,2026-01-02T00:00:00+00:00,2026-01-05T00:00:00+00:00,2026-01-02,^IXIC,Sideways,0.9529358324,1.0,14.510000228881836,component_pass_from_205047_not_rescored_here,RawProviderRange,DispersionReversion,provider_raw_daily_consensus,ProviderRawDailyConsensusV1:dispersion_reversion,Sideways -> RawProviderRange -> DispersionReversion -> ProviderRawDailyConsensusV1:dispersion_reversion,board-b-provider-raw-daily-consensus/v1,1d_hold_3,long_short_research_only_until_branch_rc_spa_passes,suppress_if_sideways_raw_provider_branch_rc_spa_fails,long,1,270.89,266.88,-0.014803056591236263,0.001,-0.015803056591236264,2026,source_panel_daily_asof,kraken_aaplx,tokenized_equity,2,0.609533070630554
